   0.0000000000000000       -1.7382548147780856E-010
  0.49999998882412910       -1.7382548277268107E-010
  0.99999997764825821       -1.7382548409194807E-010
   1.4999999664723873       -1.7382548543603619E-010
   1.9999999552965164       -1.7382548680538042E-010
   2.4999999441206455       -1.7382548820042699E-010
   2.9999999329447746       -1.7382548962163348E-010
   3.4999999217689037       -1.7382549106946657E-010
   3.9999999105930328       -1.7382549254440501E-010
   4.4999998994171619       -1.7382549404693868E-010
   4.9999998882412910       -1.7382549557757000E-010
   5.4999998770654202       -1.7382549713681256E-010
   5.9999998658895493       -1.7382549872519380E-010
   6.4999998547136784       -1.7382550034325289E-010
   6.9999998435378075       -1.7382550199154292E-010
   7.4999998323619366       -1.7382550367063082E-010
   7.9999998211860657       -1.7382550538109738E-010
   8.4999998100101948       -1.7382550712353814E-010
   8.9999997988343239       -1.7382550889856418E-010
   9.4999997876584530       -1.7382551070680142E-010
   9.9999997764825821       -1.7382551254889214E-010
   10.499999765306711       -1.7382551442549537E-010
   10.999999754130840       -1.7382551633728758E-010
   11.499999742954969       -1.7382551828496188E-010
   11.999999731779099       -1.7382552026923047E-010
   12.499999720603228       -1.7382552229082442E-010
   12.999999709427357       -1.7382552435049363E-010
   13.499999698251486       -1.7382552644900870E-010
   13.999999687075615       -1.7382552858716055E-010
   14.499999675899744       -1.7382553076576227E-010
   14.999999664723873       -1.7382553298564907E-010
   15.499999653548002       -1.7382553524767775E-010
   15.999999642372131       -1.7382553755273138E-010
   16.499999631196260       -1.7382553990171522E-010
   16.999999620020390       -1.7382554229556164E-010
   17.499999608844519       -1.7382554473522845E-010
   17.999999597668648       -1.7382554722170087E-010
   18.499999586492777       -1.7382554975599246E-010
   18.999999575316906       -1.7382555233914664E-010
   19.499999564141035       -1.7382555497223551E-010
   19.999999552965164       -1.7382555765636461E-010
   20.499999541789293       -1.7382556039267050E-010
   20.999999530613422       -1.7382556318232391E-010
   21.499999519437551       -1.7382556602653052E-010
   21.999999508261681       -1.7382556892653256E-010
   22.499999497085810       -1.7382557188360996E-010
   22.999999485909939       -1.7382557489908091E-010
   23.499999474734068       -1.7382557797430511E-010
   23.999999463558197       -1.7382558111068355E-010
   24.499999452382326       -1.7382558430966180E-010
   24.999999441206455       -1.7382558757272972E-010
   25.499999430030584       -1.7382559090142525E-010
   25.999999418854713       -1.7382559429733538E-010
   26.499999407678843       -1.7382559776209734E-010
   26.999999396502972       -1.7382560129740203E-010
   27.499999385327101       -1.7382560490499562E-010
   27.999999374151230       -1.7382560858668116E-010
   28.499999362975359       -1.7382561234432164E-010
   28.999999351799488       -1.7382561617984254E-010
   29.499999340623617       -1.7382562009523350E-010
   29.999999329447746       -1.7382562409255256E-010
   30.499999318271875       -1.7382562817392741E-010
   30.999999307096004       -1.7382563234155952E-010
   31.499999295920134       -1.7382563659772588E-010
   31.999999284744263       -1.7382564094478483E-010
   32.499999273568392       -1.7382564538517691E-010
   32.999999262392521       -1.7382564992142972E-010
   33.499999251216650       -1.7382565455616147E-010
   33.999999240040779       -1.7382565929208522E-010
   34.499999228864908       -1.7382566413201437E-010
   34.999999217689037       -1.7382566907886349E-010
   35.499999206513166       -1.7382567413565726E-010
   35.999999195337296       -1.7382567930553299E-010
   36.499999184161425       -1.7382568459174684E-010
   36.999999172985554       -1.7382568999767892E-010
   37.499999161809683       -1.7382569552683925E-010
   37.999999150633812       -1.7382570118287426E-010
   38.499999139457941       -1.7382570696957293E-010
   38.999999128282070       -1.7382571289087379E-010
   39.499999117106199       -1.7382571895087354E-010
   39.999999105930328       -1.7382572515383222E-010
   40.499999094754457       -1.7382573150418365E-010
   40.999999083578587       -1.7382573800654387E-010
   41.499999072402716       -1.7382574466571910E-010
   41.999999061226845       -1.7382575148671692E-010
   42.499999050050974       -1.7382575847475595E-010
   42.999999038875103       -1.7382576563527832E-010
   43.499999027699232       -1.7382577297395846E-010
   43.999999016523361       -1.7382578049671894E-010
   44.499999005347490       -1.7382578820974111E-010
   44.999998994171619       -1.7382579611948186E-010
   45.499998982995749       -1.7382580423268530E-010
   45.999998971819878       -1.7382581255640347E-010
   46.499998960644007       -1.7382582109800826E-010
   46.999998949468136       -1.7382582986521430E-010
   47.499998938292265       -1.7382583886609506E-010
   47.999998927116394       -1.7382584810910646E-010
   48.499998915940523       -1.7382585760310764E-010
   48.999998904764652       -1.7382586735738463E-010
   49.499998893588781       -1.7382587738167773E-010
   49.999998882412910       -1.7382588768620706E-010
   50.499998871237040       -1.7382589828170334E-010
   50.999998860061169       -1.7382590917943855E-010
   51.499998848885298       -1.7382592039126044E-010
   51.999998837709427       -1.7382593192962974E-010
   52.499998826533556       -1.7382594380765770E-010
   52.999998815357685       -1.7382595603915067E-010
   53.499998804181814       -1.7382596863865380E-010
   53.999998793005943       -1.7382598162150090E-010
   54.499998781830072       -1.7382599500386891E-010
   54.999998770654202       -1.7382600880283325E-010
   55.499998759478331       -1.7382602303643177E-010
   55.999998748302460       -1.7382603772373135E-010
   56.499998737126589       -1.7382605288490123E-010
   56.999998725950718       -1.7382606854129238E-010
   57.499998714774847       -1.7382608471552312E-010
   57.999998703598976       -1.7382610143157321E-010
   58.499998692423105       -1.7382611871488679E-010
   58.999998681247234       -1.7382613659248210E-010
   59.499998670071363       -1.7382615509307371E-010
   59.999998658895493       -1.7382617424720493E-010
   60.499998647719622       -1.7382619408739351E-010
   60.999998636543751       -1.7382621464829048E-010
   61.499998625367880       -1.7382623596685457E-010
   61.999998614192009       -1.7382625808254304E-010
   62.499998603016138       -1.7382628103752510E-010
   62.999998591840267       -1.7382630487691189E-010
   63.499998580664396       -1.7382632964901333E-010
   63.999998569488525       -1.7382635540562242E-010
   64.499998558312654       -1.7382638220232848E-010
   64.999998547136784       -1.7382641009886470E-010
   65.499998535960913       -1.7382643915949449E-010
   65.999998524785042       -1.7382646945344121E-010
   66.499998513609171       -1.7382650105536738E-010
   66.999998502433300       -1.7382653404590947E-010
   67.499998491257429       -1.7382656851227641E-010
   67.999998480081558       -1.7382660454892182E-010
   68.499998468905687       -1.7382664225829668E-010
   68.999998457729816       -1.7382668175169961E-010
   69.499998446553946       -1.7382672315023496E-010
   69.999998435378075       -1.7382676658589848E-010
   70.499998424202204       -1.7382681220280621E-010
   70.999998413026333       -1.7382686015859315E-010
   71.499998401850462       -1.7382691062600865E-010
   71.999998390674591       -1.7382696379473897E-010
   72.499998379498720       -1.7382701987349753E-010
   72.999998368322849       -1.7382707909242876E-010
   73.499998357146978       -1.7382714170588301E-010
   73.999998345971107       -1.7382720799562546E-010
   74.499998334795237       -1.7382727827456699E-010
   74.999998323619366       -1.7382735289111180E-010
   75.499998312443495       -1.7382743223424509E-010
   75.999998301267624       -1.7382751673951229E-010
   76.499998290091753       -1.7382760689607360E-010
   76.999998278915882       -1.7382770325506428E-010
   77.499998267740011       -1.7382780643955095E-010
   77.999998256564140       -1.7382791715644492E-010
   78.499998245388269       -1.7382803621083204E-010
   78.999998234212399       -1.7382816452330696E-010
   79.499998223036528       -1.7382830315106240E-010
   79.999998211860657       -1.7382845331371036E-010
   80.499998200684786       -1.7382861642510030E-010
   80.999998189508915       -1.7382879413281281E-010
   81.499998178333044       -1.7382898836755178E-010
   81.999998167157173       -1.7382920140540461E-010
   82.499998155981302       -1.7382943594702360E-010
   82.999998144805431       -1.7382969521925998E-010
   83.499998133629560       -1.7382998310693931E-010
   83.999998122453690       -1.7383030432558855E-010
   84.499998111277819       -1.7383066465053958E-010
   84.999998100101948       -1.7383107122473708E-010
   85.499998088926077       -1.7383153297817518E-010
   85.999998077750206       -1.7383206120834408E-010
   86.499998066574335       -1.7383267039734940E-010
   86.999998055398464       -1.7383337938421198E-010
   87.499998044222593       -1.7383421308270403E-010
   87.999998033046722       -1.7383520505915751E-010
   88.499998021870852       -1.7383640150630694E-010
   88.999998010694981       -1.7383786756047487E-010
   89.499997999519110       -1.7383969770658757E-010
   89.999997988343239       -1.7384203364085406E-010
   90.499997977167368       -1.7384509647734782E-010
   90.999997965991497       -1.7384924834878924E-010
   91.499997954815626       -1.7385511910383199E-010
   91.999997943639755       -1.7386389193200715E-010
   92.499997932463884       -1.7387802946863498E-010
   92.999997921288013       -1.7390345168378725E-010
   93.499997910112143       -1.7395789010644098E-010
   93.999997898936272       -1.7411966666239105E-010
   94.499997887760401       -1.7531843093760985E-010
   94.999997876584530        2.5995270307513469E-007
   95.499997865408659        2.5995235716473057E-007
   95.999997854232788        2.5995233767907929E-007
   96.499997843056917        2.5995233226523512E-007
   96.999997831881046        2.5995232968584488E-007
   97.499997820705175        2.5995232796527755E-007
   97.999997809529305        2.5995232651392640E-007
   98.499997798353434        2.5995232508172032E-007
   98.999997787177563        2.5995232351925640E-007
   99.499997776001692        2.5995232169977473E-007
   99.999997764825821        2.5995231948074836E-007
   100.49999775364995        2.5995231667122822E-007
   100.99999774247408        2.5995231298769496E-007
   101.49999773129821        2.5995230797821082E-007
   101.99999772012234        2.5995230087561589E-007
   102.49999770894647        2.5995229028818744E-007
   102.99999769777060        2.5995227349372093E-007
   103.49999768659472        2.5995224471515403E-007
   103.99999767541885        2.5995219108155996E-007
   104.49999766424298        2.5995209419114058E-007
   104.99999765306711        2.5995225890966281E-007
   105.49999764189124        2.5995495419684566E-007
   105.99999763071537        2.5995573715750641E-007
   106.49999761953950        2.5995563701663902E-007
   106.99999760836363        2.5995556919550974E-007
   107.49999759718776        2.5995553351300069E-007
   107.99999758601189        2.5995551329214959E-007
   108.49999757483602        2.5995550085978390E-007
   108.99999756366014        2.5995549269191052E-007
   109.49999755248427        2.5995548703750111E-007
   109.99999754130840        2.5995548295668563E-007
   110.49999753013253        2.5995547991067944E-007
   110.99999751895666        2.5995547757321939E-007
   111.49999750778079        2.5995547573749015E-007
   111.99999749660492        2.5995547426723852E-007
   112.49999748542905        2.5995547306971213E-007
   112.99999747425318        2.5995547207996837E-007
   113.49999746307731        2.5995547125140784E-007
   113.99999745190144        2.5995547054987562E-007
   114.49999744072556        2.5995546994985929E-007
   114.99999742954969        2.5995546943197927E-007
   115.49999741837382        2.5995546898129336E-007
   115.99999740719795        2.5995546858612608E-007
   116.49999739602208        2.5995546823723940E-007
   116.99999738484621        2.5995546792724604E-007
   117.49999737367034        2.5995546765017664E-007
   117.99999736249447        2.5995546740116102E-007
   118.49999735131860        2.5995546717619336E-007
   118.99999734014273        2.5995546697195297E-007
   119.49999732896686        2.5995546678566655E-007
   119.99999731779099        2.5995546661499936E-007
   120.49999730661511        2.5995546645797602E-007
   120.99999729543924        2.5995546631291183E-007
   121.49999728426337        2.5995546617836520E-007
   121.99999727308750        2.5995546605309369E-007
   122.49999726191163        2.5995546593601886E-007
   122.99999725073576        2.5995546582620342E-007
   123.49999723955989        2.5995546572282554E-007
   123.99999722838402        2.5995546562516312E-007
   124.49999721720815        2.5995546553257696E-007
   124.99999720603228        2.5995546544449999E-007
   125.49999719485641        2.5995546536042239E-007
   125.99999718368053        2.5995546527989120E-007
   126.49999717250466        2.5995546520249288E-007
   126.99999716132879        2.5995546512785483E-007
   127.49999715015292        2.5995546505563584E-007
   127.99999713897705        2.5995546498552460E-007
   128.49999712780118        2.5995546491722997E-007
   128.99999711662531        2.5995546485048399E-007
   129.49999710544944        2.5995546478503349E-007
   129.99999709427357        2.5995546472064151E-007
   130.49999708309770        2.5995546465708170E-007
   130.99999707192183        2.5995546459413847E-007
   131.49999706074595        2.5995546453160255E-007
   131.99999704957008        2.5995546446926887E-007
   132.49999703839421        2.5995546440694006E-007
   132.99999702721834        2.5995546434441775E-007
   133.49999701604247        2.5995546428150369E-007
   133.99999700486660        2.5995546421799866E-007
   134.49999699369073        2.5995546415370362E-007
   134.99999698251486        2.5995546408841003E-007
   135.49999697133899        2.5995546402190709E-007
   135.99999696016312        2.5995546395397516E-007
   136.49999694898725        2.5995546388438415E-007
   136.99999693781137        2.5995546381289192E-007
   137.49999692663550        2.5995546373924421E-007
   137.99999691545963        2.5995546366317080E-007
   138.49999690428376        2.5995546358438096E-007
   138.99999689310789        2.5995546350256758E-007
   139.49999688193202        2.5995546341739509E-007
   139.99999687075615        2.5995546332850570E-007
   140.49999685958028        2.5995546323551054E-007
   140.99999684840441        2.5995546313798671E-007
   141.49999683722854        2.5995546303547576E-007
   141.99999682605267        2.5995546292747917E-007
   142.49999681487679        2.5995546281345138E-007
   142.99999680370092        2.5995546269279895E-007
   143.49999679252505        2.5995546256487617E-007
   143.99999678134918        2.5995546242897730E-007
   144.49999677017331        2.5995546228434008E-007
   144.99999675899744        2.5995546213013630E-007
   145.49999674782157        2.5995546196547865E-007
   145.99999673664570        2.5995546178941751E-007
   146.49999672546983        2.5995546160095707E-007
   146.99999671429396        2.5995546139906645E-007
   147.49999670311809        2.5995546118271332E-007
   147.99999669194221        2.5995546095090809E-007
   148.49999668076634        2.5995546070278244E-007
   148.99999666959047        2.5995546043770624E-007
   149.49999665841460        2.5995546015546453E-007
   149.99999664723873        2.5995545985652601E-007
   150.49999663606286        2.5995545954245350E-007
   150.99999662488699        2.5995545921650268E-007
   151.49999661371112        2.5995545888452304E-007
   151.99999660253525        2.5995545855629381E-007
   152.49999659135938        2.5995545824748391E-007
   152.99999658018351        2.5995545798251273E-007
   153.49999656900764        2.5995545779866381E-007
   153.99999655783176        2.5995545775186196E-007
   154.49999654665589        2.5995545792449304E-007
   154.99999653548002        2.5995545843532850E-007
   155.49999652430415        2.5995545945072809E-007
   155.99999651312828        2.5995546119427516E-007
   156.49999650195241        2.5995546394837754E-007
   156.99999649077654        2.5995546803632043E-007
   157.49999647960067        2.5995547376952143E-007
   157.99999646842480        2.5995548134968201E-007
   158.49999645724893        2.5995549073900279E-007
   158.99999644607306        2.5995550155332363E-007
   159.49999643489718        2.5995551306190168E-007
   159.99999642372131        2.5995552434245089E-007
   160.49999641254544        2.5995553453714129E-007
   160.99999640136957        2.5995554307357221E-007
   161.49999639019370        2.5995554974405821E-007
   161.99999637901783        2.5995555464348931E-007
   162.49999636784196        2.5995555804177279E-007
   162.99999635666609        2.5995556026548500E-007
   163.49999634549022        2.5995556162221685E-007
   163.99999633431435        2.5995556236660412E-007
   164.49999632313848        2.5995556269361728E-007
   164.99999631196260        2.5995556274516893E-007
   165.49999630078673        2.5995556262104631E-007
   165.99999628961086        2.5995556238969916E-007
   166.49999627843499        2.5995556209717474E-007
   166.99999626725912        2.5995556177390891E-007
   167.49999625608325        2.5995556143964800E-007
   167.99999624490738        2.5995556110690678E-007
   168.49999623373151        2.5995556078335380E-007
   168.99999622255564        2.5995556047344181E-007
   169.49999621137977        2.5995556017950930E-007
   169.99999620020390        2.5995555990252260E-007
   170.49999618902802        2.5995555964257390E-007
   170.99999617785215        2.5995555939921678E-007
   171.49999616667628        2.5995555917168446E-007
   171.99999615550041        2.5995555895903642E-007
   172.49999614432454        2.5995555876025176E-007
   172.99999613314867        2.5995555857429383E-007
   173.49999612197280        2.5995555840014380E-007
   173.99999611079693        2.5995555823682680E-007
   174.49999609962106        2.5995555808342109E-007
   174.99999608844519        2.5995555793906862E-007
   175.49999607726932        2.5995555780297361E-007
   175.99999606609344        2.5995555767440073E-007
   176.49999605491757        2.5995555755267718E-007
   176.99999604374170        2.5995555743718201E-007
   177.49999603256583        2.5995555732734794E-007
   177.99999602138996        2.5995555722265720E-007
   178.49999601021409        2.5995555712263251E-007
   178.99999599903822        2.5995555702683716E-007
   179.49999598786235        2.5995555693487046E-007
   179.99999597668648        2.5995555684636282E-007
   180.49999596551061        2.5995555676097359E-007
   180.99999595433474        2.5995555667838824E-007
   181.49999594315886        2.5995555659831600E-007
   181.99999593198299        2.5995555652048478E-007
   182.49999592080712        2.5995555644464193E-007
   182.99999590963125        2.5995555637055159E-007
   183.49999589845538        2.5995555629799083E-007
   183.99999588727951        2.5995555622674890E-007
   184.49999587610364        2.5995555615662818E-007
   184.99999586492777        2.5995555608743654E-007
   185.49999585375190        2.5995555601899342E-007
   185.99999584257603        2.5995555595112258E-007
   186.49999583140016        2.5995555588365423E-007
   186.99999582022429        2.5995555581642269E-007
   187.49999580904841        2.5995555574926542E-007
   187.99999579787254        2.5995555568202090E-007
   188.49999578669667        2.5995555561452868E-007
   188.99999577552080        2.5995555554663158E-007
   189.49999576434493        2.5995555547816633E-007
   189.99999575316906        2.5995555540896908E-007
   190.49999574199319        2.5995555533887398E-007
   190.99999573081732        2.5995555526770908E-007
   191.49999571964145        2.5995555519529872E-007
   191.99999570846558        2.5995555512145794E-007
   192.49999569728971        2.5995555504599514E-007
   192.99999568611383        2.5995555496870851E-007
   193.49999567493796        2.5995555488938436E-007
   193.99999566376209        2.5995555480779560E-007
   194.49999565258622        2.5995555472370069E-007
   194.99999564141035        2.5995555463684085E-007
   195.49999563023448        2.5995555454693688E-007
   195.99999561905861        2.5995555445368649E-007
   196.49999560788274        2.5995555435676294E-007
   196.99999559670687        2.5995555425580911E-007
   197.49999558553100        2.5995555415043445E-007
   197.99999557435513        2.5995555404021138E-007
   198.49999556317925        2.5995555392466682E-007
   198.99999555200338        2.5995555380327874E-007
   199.49999554082751        2.5995555367546634E-007
   199.99999552965164        2.5995555354058471E-007
   200.49999551847577        2.5995555339791085E-007
   200.99999550729990        2.5995555324663357E-007
   201.49999549612403        2.5995555308583940E-007
   201.99999548494816        2.5995555291449369E-007
   202.49999547377229        2.5995555273142123E-007
   202.99999546259642        2.5995555253528291E-007
   203.49999545142055        2.5995555232454022E-007
   203.99999544024467        2.5995555209742363E-007
   204.49999542906880        2.5995555185188498E-007
   204.99999541789293        2.5995555158553954E-007
   205.49999540671706        2.5995555129559678E-007
   205.99999539554119        2.5995555097877099E-007
   206.49999538436532        2.5995555063116730E-007
   206.99999537318945        2.5995555024813879E-007
   207.49999536201358        2.5995554982409636E-007
   207.99999535083771        2.5995554935226200E-007
   208.49999533966184        2.5995554882434718E-007
   208.99999532848597        2.5995554823011366E-007
   209.49999531731009        2.5995554755678107E-007
   209.99999530613422        2.5995554678821143E-007
   210.49999529495835        2.5995554590376027E-007
   210.99999528378248        2.5995554487664849E-007
   211.49999527260661        2.5995554367158737E-007
   211.99999526143074        2.5995554224125863E-007
   212.49999525025487        2.5995554052097055E-007
   212.99999523907900        2.5995553842034504E-007
   213.49999522790313        2.5995553581001889E-007
   213.99999521672726        2.5995553249978713E-007
   214.49999520555139        2.5995552820160320E-007
   214.99999519437551        2.5995552246540841E-007
   215.49999518319964        2.5995551456650684E-007
   215.99999517202377        2.5995550331527493E-007
   216.49999516084790        2.5995548680930127E-007
   216.99999514967203        2.5995546269882257E-007
   217.49999513849616        2.5995543403482778E-007
   217.99999512732029        2.5995545910462583E-007
   218.49999511614442        2.5995587205076439E-007
   218.99999510496855        2.5995672135154660E-007
   219.49999509379268        2.5995701255154113E-007
   219.99999508261681        2.5995701372131581E-007
   220.49999507144094        2.5995698464193533E-007
   220.99999506026506        2.5995696263266458E-007
   221.49999504908919        2.5995694870164154E-007
   221.99999503791332        2.5995694111362569E-007
   222.49999502673745        2.5995693910476121E-007
   222.99999501556158        2.5995694288723888E-007
   223.49999500438571        2.5995695310627137E-007
   223.99999499320984        2.5995696994201517E-007
   224.49999498203397        2.5995699206467795E-007
   224.99999497085810        2.5995701628688109E-007
   225.49999495968223        2.5995703867136436E-007
   225.99999494850636        2.5995705637037042E-007
   226.49999493733048        2.5995706854617644E-007
   226.99999492615461        2.5995707590997071E-007
   227.49999491497874        2.5995707976550968E-007
   227.99999490380287        2.5995708134600428E-007
   228.49999489262700        2.5995708157191946E-007
   228.99999488145113        2.5995708105057693E-007
   229.49999487027526        2.5995708015438727E-007
   229.99999485909939        2.5995707910064763E-007
   230.49999484792352        2.5995707801090396E-007
   230.99999483674765        2.5995707694987475E-007
   231.49999482557178        2.5995707594944583E-007
   231.99999481439590        2.5995707502295214E-007
   232.49999480322003        2.5995707417354496E-007
   232.99999479204416        2.5995707339901390E-007
   233.49999478086829        2.5995707269453554E-007
   233.99999476969242        2.5995707205422400E-007
   234.49999475851655        2.5995707147197393E-007
   234.99999474734068        2.5995707094191220E-007
   235.49999473616481        2.5995707045861145E-007
   235.99999472498894        2.5995707001718034E-007
   236.49999471381307        2.5995706961327998E-007
   236.99999470263720        2.5995706924310832E-007
   237.49999469146132        2.5995706890336134E-007
   237.99999468028545        2.5995706859119095E-007
   238.49999466910958        2.5995706830416229E-007
   238.99999465793371        2.5995706804021142E-007
   239.49999464675784        2.5995706779761250E-007
   239.99999463558197        2.5995706757494077E-007
   240.49999462440610        2.5995706737104793E-007
   240.99999461323023        2.5995706718503938E-007
   241.49999460205436        2.5995706701625319E-007
   241.99999459087849        2.5995706686424503E-007
   242.49999457970262        2.5995706672877492E-007
   242.99999456852674        2.5995706660979734E-007
   243.49999455735087        2.5995706650744887E-007
   243.99999454617500        2.5995706642204201E-007
   244.49999453499913        2.5995706635405914E-007
   244.99999452382326        2.5995706630413804E-007
   245.49999451264739        2.5995706627306500E-007
   245.99999450147152        2.5995706626177072E-007
   246.49999449029565        2.5995706627130460E-007
   246.99999447911978        2.5995706630282683E-007
   247.49999446794391        2.5995706635758026E-007
   247.99999445676804        2.5995706643686847E-007
   248.49999444559216        2.5995706654202232E-007
   248.99999443441629        2.5995706667436237E-007
   249.49999442324042        2.5995706683515638E-007
   249.99999441206455        2.5995706702557220E-007
   250.49999440088868        2.5995706724662456E-007
   250.99999438971281        2.5995706749912307E-007
   251.49999437853694        2.5995706778361761E-007
   251.99999436736107        2.5995706810035070E-007
   252.49999435618520        2.5995706844921234E-007
   252.99999434500933        2.5995706882971293E-007
   253.49999433383346        2.5995706924096548E-007
   253.99999432265759        2.5995706968168948E-007
   254.49999431148171        2.5995707015024032E-007
   254.99999430030584        2.5995707064465345E-007
   255.49999428912997        2.5995707116272193E-007
   255.99999427795410        2.5995707170208499E-007
   256.49999426677823        2.5995707226033963E-007
   256.99999425560236        2.5995707283515842E-007
   257.49999424442649        2.5995707342441081E-007
   257.99999423325062        2.5995707402627801E-007
   258.49999422207475        2.5995707463935141E-007
   258.99999421089888        2.5995707526270741E-007
   259.49999419972301        2.5995707589595544E-007
   259.99999418854713        2.5995707653924350E-007
   260.49999417737126        2.5995707719323468E-007
   260.99999416619539        2.5995707785903603E-007
   261.49999415501952        2.5995707853809594E-007
   261.99999414384365        2.5995707923206447E-007
   262.49999413266778        2.5995707994263009E-007
   262.99999412149191        2.5995708067133693E-007
   263.49999411031604        2.5995708141939402E-007
   263.99999409914017        2.5995708218749043E-007
   264.49999408796430        2.5995708297563130E-007
   264.99999407678843        2.5995708378300341E-007
   265.49999406561255        2.5995708460789137E-007
   265.99999405443668        2.5995708544764672E-007
   266.49999404326081        2.5995708629872472E-007
   266.99999403208494        2.5995708715678344E-007
   267.49999402090907        2.5995708801685154E-007
   267.99999400973320        2.5995708887353526E-007
   268.49999399855733        2.5995708972126622E-007
   268.99999398738146        2.5995709055456130E-007
   269.49999397620559        2.5995709136827440E-007
   269.99999396502972        2.5995709215781742E-007
   270.49999395385385        2.5995709291934213E-007
   270.99999394267797        2.5995709364986109E-007
   271.49999393150210        2.5995709434731374E-007
   271.99999392032623        2.5995709501056875E-007
   272.49999390915036        2.5995709563937954E-007
   272.99999389797449        2.5995709623429318E-007
   273.49999388679862        2.5995709679653274E-007
   273.99999387562275        2.5995709732785819E-007
   274.49999386444688        2.5995709783042174E-007
   274.99999385327101        2.5995709830662499E-007
   275.49999384209514        2.5995709875898484E-007
   275.99999383091927        2.5995709919001497E-007
   276.49999381974339        2.5995709960212588E-007
   276.99999380856752        2.5995709999754087E-007
   277.49999379739165        2.5995710037823565E-007
   277.99999378621578        2.5995710074589454E-007
   278.49999377503991        2.5995710110188517E-007
   278.99999376386404        2.5995710144724862E-007
   279.49999375268817        2.5995710178270564E-007
   279.99999374151230        2.5995710210867219E-007
   280.49999373033643        2.5995710242528627E-007
   280.99999371916056        2.5995710273244408E-007
   281.49999370798469        2.5995710302983719E-007
   281.99999369680882        2.5995710331699904E-007
   282.49999368563294        2.5995710359334561E-007
   282.99999367445707        2.5995710385822435E-007
   283.49999366328120        2.5995710411095103E-007
   283.99999365210533        2.5995710435085093E-007
   284.49999364092946        2.5995710457728671E-007
   284.99999362975359        2.5995710478969446E-007
   285.49999361857772        2.5995710498759794E-007
   285.99999360740185        2.5995710517062630E-007
   286.49999359622598        2.5995710533852565E-007
   286.99999358505011        2.5995710549116146E-007
   287.49999357387424        2.5995710562852035E-007
   287.99999356269836        2.5995710575070649E-007
   288.49999355152249        2.5995710585793462E-007
   288.99999354034662        2.5995710595052305E-007
   289.49999352917075        2.5995710602888461E-007
   289.99999351799488        2.5995710609351650E-007
   290.49999350681901        2.5995710614499414E-007
   290.99999349564314        2.5995710618396035E-007
   291.49999348446727        2.5995710621112507E-007
   291.99999347329140        2.5995710622725882E-007
   292.49999346211553        2.5995710623319473E-007
   292.99999345093966        2.5995710622983264E-007
   293.49999343976378        2.5995710621814724E-007
   293.99999342858791        2.5995710619919906E-007
   294.49999341741204        2.5995710617415542E-007
   294.99999340623617        2.5995710614431196E-007
   295.49999339506030        2.5995710611112425E-007
   295.99999338388443        2.5995710607624661E-007
   296.49999337270856        2.5995710604157851E-007
   296.99999336153269        2.5995710600932296E-007
   297.49999335035682        2.5995710598205443E-007
   297.99999333918095        2.5995710596279772E-007
   298.49999332800508        2.5995710595512429E-007
   298.99999331682920        2.5995710596325380E-007
   299.49999330565333        2.5995710599217431E-007
   299.99999329447746        2.5995710604776868E-007
   300.49999328330159        2.5995710613694023E-007
   300.99999327212572        2.5995710626773699E-007
   301.49999326094985        2.5995710644944986E-007
   301.99999324977398        2.5995710669266976E-007
   302.49999323859811        2.5995710700926844E-007
   302.99999322742224        2.5995710741226718E-007
   303.49999321624637        2.5995710791554885E-007
   303.99999320507050        2.5995710853335859E-007
   304.49999319389462        2.5995710927955539E-007
   304.99999318271875        2.5995711016658592E-007
   305.49999317154288        2.5995711120419117E-007
   305.99999316036701        2.5995711239792047E-007
   306.49999314919114        2.5995711374759241E-007
   306.99999313801527        2.5995711524592529E-007
   307.49999312683940        2.5995711687761367E-007
   307.99999311566353        2.5995711861912564E-007
   308.49999310448766        2.5995712043943486E-007
   308.99999309331179        2.5995712230173484E-007
   309.49999308213592        2.5995712416599390E-007
   309.99999307096004        2.5995712599200428E-007
   310.49999305978417        2.5995712774246028E-007
   310.99999304860830        2.5995712938558191E-007
   311.49999303743243        2.5995713089693872E-007
   311.99999302625656        2.5995713226027928E-007
   312.49999301508069        2.5995713346742839E-007
   312.99999300390482        2.5995713451742584E-007
   313.49999299272895        2.5995713541519034E-007
   313.99999298155308        2.5995713616998632E-007
   314.49999297037721        2.5995713679392286E-007
   314.99999295920134        2.5995713730063576E-007
   315.49999294802547        2.5995713770422716E-007
   315.99999293684959        2.5995713801848829E-007
   316.49999292567372        2.5995713825637353E-007
   316.99999291449785        2.5995713842969103E-007
   317.49999290332198        2.5995713854895459E-007
   317.99999289214611        2.5995713862335352E-007
   318.49999288097024        2.5995713866080201E-007
   318.99999286979437        2.5995713866803260E-007
   319.49999285861850        2.5995713865071480E-007
   319.99999284744263        2.5995713861358315E-007
   320.49999283626676        2.5995713856056153E-007
   320.99999282509089        2.5995713849488001E-007
   321.49999281391501        2.5995713841918221E-007
   321.99999280273914        2.5995713833561711E-007
   322.49999279156327        2.5995713824592146E-007
   322.99999278038740        2.5995713815148973E-007
   323.49999276921153        2.5995713805343142E-007
   323.99999275803566        2.5995713795262105E-007
   324.49999274685979        2.5995713784973937E-007
   324.99999273568392        2.5995713774530820E-007
   325.49999272450805        2.5995713763971856E-007
   325.99999271333218        2.5995713753325208E-007
   326.49999270215631        2.5995713742610230E-007
   326.99999269098043        2.5995713731838952E-007
   327.49999267980456        2.5995713721017306E-007
   327.99999266862869        2.5995713710146258E-007
   328.49999265745282        2.5995713699222625E-007
   328.99999264627695        2.5995713688239567E-007
   329.49999263510108        2.5995713677187512E-007
   329.99999262392521        2.5995713666054307E-007
   330.49999261274934        2.5995713654825567E-007
   330.99999260157347        2.5995713643485125E-007
   331.49999259039760        2.5995713632015039E-007
   331.99999257922173        2.5995713620395997E-007
   332.49999256804585        2.5995713608607130E-007
   332.99999255686998        2.5995713596626304E-007
   333.49999254569411        2.5995713584429924E-007
   333.99999253451824        2.5995713571993220E-007
   334.49999252334237        2.5995713559289992E-007
   334.99999251216650        2.5995713546292441E-007
   335.49999250099063        2.5995713532971169E-007
   335.99999248981476        2.5995713519294832E-007
   336.49999247863889        2.5995713505229782E-007
   336.99999246746302        2.5995713490739663E-007
   337.49999245628715        2.5995713475784756E-007
   337.99999244511127        2.5995713460320952E-007
   338.49999243393540        2.5995713444298668E-007
   338.99999242275953        2.5995713427661241E-007
   339.49999241158366        2.5995713410342377E-007
   339.99999240040779        2.5995713392263231E-007
   340.49999238923192        2.5995713373327995E-007
   340.99999237805605        2.5995713353418030E-007
   341.49999236688018        2.5995713332383635E-007
   341.99999235570431        2.5995713310032823E-007
   342.49999234452844        2.5995713286115551E-007
   342.99999233335257        2.5995713260302121E-007
   343.49999232217669        2.5995713232152559E-007
   343.99999231100082        2.5995713201074126E-007
   344.49999229982495        2.5995713166260426E-007
   344.99999228864908        2.5995713126604715E-007
   345.49999227747321        2.5995713080574324E-007
   345.99999226629734        2.5995713026025863E-007
   346.49999225512147        2.5995712959928054E-007
   346.99999224394560        2.5995712877937504E-007
   347.49999223276973        2.5995712773728629E-007
   347.99999222159386        2.5995712637901533E-007
   348.49999221041799        2.5995712456126966E-007
   348.99999219924212        2.5995712205839074E-007
   349.49999218806624        2.5995711849988913E-007
   349.99999217689037        2.5995711324378065E-007
   350.49999216571450        2.5995710509617571E-007
   350.99999215453863        2.5995709161620359E-007
   351.49999214336276        2.5995706711039582E-007
   351.99999213218689        2.5995701543665144E-007
   352.49999212101102        2.5995687351174940E-007
   352.99999210983515        2.5995617591325981E-007
   353.49999209865928        2.5998720121989695E-007
   353.99999208748341        2.5998920766249710E-007
   354.49999207630754        2.5998875161622304E-007
   354.99999206513166        2.5998863847143469E-007
   355.49999205395579        2.5998859352330761E-007
   355.99999204277992        2.5998857111271721E-007
   356.49999203160405        2.5998855835711946E-007
   356.99999202042818        2.5998855044162114E-007
   357.49999200925231        2.5998854522007626E-007
   357.99999199807644        2.5998854161283516E-007
   358.49999198690057        2.5998853902687184E-007
   358.99999197572470        2.5998853711419918E-007
   359.49999196454883        2.5998853565997665E-007
   359.99999195337296        2.5998853452620589E-007
   360.49999194219708        2.5998853362142955E-007
   360.99999193102121        2.5998853288350821E-007
   361.49999191984534        2.5998853226936009E-007
   361.99999190866947        2.5998853174862281E-007
   362.49999189749360        2.5998853129959916E-007
   362.99999188631773        2.5998853090659895E-007
   363.49999187514186        2.5998853055815803E-007
   363.99999186396599        2.5998853024581637E-007
   364.49999185279012        2.5998852996327652E-007
   364.99999184161425        2.5998852970580852E-007
   365.49999183043838        2.5998852946982911E-007
   365.99999181926250        2.5998852925259968E-007
   366.49999180808663        2.5998852905200745E-007
   366.99999179691076        2.5998852886640797E-007
   367.49999178573489        2.5998852869451185E-007
   367.99999177455902        2.5998852853529438E-007
   368.49999176338315        2.5998852838793621E-007
   368.99999175220728        2.5998852825177291E-007
   369.49999174103141        2.5998852812626264E-007
   369.99999172985554        2.5998852801095594E-007
   370.49999171867967        2.5998852790547504E-007
   370.99999170750380        2.5998852780949847E-007
   371.49999169632792        2.5998852772274541E-007
   371.99999168515205        2.5998852764496539E-007
   372.49999167397618        2.5998852757592935E-007
   372.99999166280031        2.5998852751541970E-007
   373.49999165162444        2.5998852746322315E-007
   373.99999164044857        2.5998852741912444E-007
   374.49999162927270        2.5998852738290086E-007
   374.99999161809683        2.5998852735431446E-007
   375.49999160692096        2.5998852733310586E-007
   375.99999159574509        2.5998852731899308E-007
   376.49999158456922        2.5998852731166280E-007
   376.99999157339334        2.5998852731076876E-007
   377.49999156221747        2.5998852731592581E-007
   377.99999155104160        2.5998852732671008E-007
   378.49999153986573        2.5998852734265446E-007
   378.99999152868986        2.5998852736324906E-007
   379.49999151751399        2.5998852738793854E-007
   379.99999150633812        2.5998852741612409E-007
   380.49999149516225        2.5998852744716515E-007
   380.99999148398638        2.5998852748038155E-007
   381.49999147281051        2.5998852751505569E-007
   381.99999146163464        2.5998852755043805E-007
   382.49999145045877        2.5998852758575091E-007
   382.99999143928289        2.5998852762019381E-007
   383.49999142810702        2.5998852765294953E-007
   383.99999141693115        2.5998852768318956E-007
   384.49999140575528        2.5998852771007957E-007
   384.99999139457941        2.5998852773278508E-007
   385.49999138340354        2.5998852775047542E-007
   385.99999137222767        2.5998852776232938E-007
   386.49999136105180        2.5998852776753450E-007
   386.99999134987593        2.5998852776529098E-007
   387.49999133870006        2.5998852775481186E-007
   387.99999132752419        2.5998852773531665E-007
   388.49999131634831        2.5998852770603112E-007
   388.99999130517244        2.5998852766617462E-007
   389.49999129399657        2.5998852761495655E-007
   389.99999128282070        2.5998852755155285E-007
   390.49999127164483        2.5998852747509669E-007
   390.99999126046896        2.5998852738464660E-007
   391.49999124929309        2.5998852727916336E-007
   391.99999123811722        2.5998852715746717E-007
   392.49999122694135        2.5998852701819606E-007
   392.99999121576548        2.5998852685974462E-007
   393.49999120458961        2.5998852668019497E-007
   393.99999119341373        2.5998852647722751E-007
   394.49999118223786        2.5998852624801155E-007
   394.99999117106199        2.5998852598906908E-007
   395.49999115988612        2.5998852569611019E-007
   395.99999114871025        2.5998852536383081E-007
   396.49999113753438        2.5998852498566718E-007
   396.99999112635851        2.5998852455350832E-007
   397.49999111518264        2.5998852405737508E-007
   397.99999110400677        2.5998852348508193E-007
   398.49999109283090        2.5998852282195090E-007
   398.99999108165503        2.5998852205071639E-007
   399.49999107047915        2.5998852115193423E-007
   399.99999105930328        2.5998852010553974E-007
   400.49999104812741        2.5998851889494569E-007
   400.99999103695154        2.5998851751653150E-007
   401.49999102577567        2.5998851600057556E-007
   401.99999101459980        2.5998851445610749E-007
   402.49999100342393        2.5998851316504097E-007
   402.99999099224806        2.5998851277341810E-007
   403.49999098107219        2.5998851465419255E-007
   403.99999096989632        2.5998852148935102E-007
   404.49999095872045        2.5998853781303757E-007
   404.99999094754457        2.5998856925046763E-007
   405.49999093636870        2.5998861817204658E-007
   405.99999092519283        2.5998867724364459E-007
   406.49999091401696        2.5998873110895045E-007
   406.99999090284109        2.5998876869305863E-007
   407.49999089166522        2.5998878955216774E-007
   407.99999088048935        2.5998879888628559E-007
   408.49999086931348        2.5998880182406605E-007
   408.99999085813761        2.5998880164392136E-007
   409.49999084696174        2.5998880007903588E-007
   409.99999083578587        2.5998879794580219E-007
   410.49999082460999        2.5998879558033399E-007
   410.99999081343412        2.5998879307438024E-007
   411.49999080225825        2.5998879038649340E-007
   411.99999079108238        2.5998878738301674E-007
   412.49999077990651        2.5998878383433404E-007
   412.99999076873064        2.5998877936820750E-007
   413.49999075755477        2.5998877335445463E-007
   413.99999074637890        2.5998876463765853E-007
   414.49999073520303        2.5998875086290084E-007
   414.99999072402716        2.5998872649493456E-007
   415.49999071285129        2.5998867548040548E-007
   415.99999070167542        2.5998853119986849E-007
   416.49999069049954        2.5998765690971006E-007
   416.99999067932367        2.6052241215266903E-007
   417.49999066814780        2.6051315595457993E-007
   417.99999065697193        2.6051281359568273E-007
   418.49999064579606        2.6051272640374909E-007
   418.99999063462019        2.6051269121079147E-007
   419.49999062344432        2.6051267342602438E-007
   419.99999061226845        2.6051266307234442E-007
   420.49999060109258        2.6051265635050752E-007
   420.99999058991671        2.6051265151455391E-007
   421.49999057874084        2.6051264762204677E-007
   421.99999056756496        2.6051264406500576E-007
   422.49999055638909        2.6051264035102257E-007
   422.99999054521322        2.6051263595935880E-007
   423.49999053403735        2.6051263018278564E-007
   423.99999052286148        2.6051262185176641E-007
   424.49999051168561        2.6051260869841210E-007
   424.99999050050974        2.6051258556109437E-007
   425.49999048933387        2.6051253799277819E-007
   425.99999047815800        2.6051240971966243E-007
   426.49999046698213        2.6051175877679609E-007
   426.99999045580626        2.6063932965210138E-007
   427.49999044463038        2.6063065183638845E-007
   427.99999043345451        2.6063015630155184E-007
   428.49999042227864        2.6063003998355084E-007
   428.99999041110277        2.6062999377158497E-007
   429.49999039992690        2.6062997039953922E-007
   429.99999038875103        2.6062995678031536E-007
   430.49999037757516        2.6062994805380893E-007
   430.99999036639929        2.6062994205920842E-007
   431.49999035522342        2.6062993771004740E-007
   431.99999034404755        2.6062993440850535E-007
   432.49999033287168        2.6062993180190281E-007
   432.99999032169580        2.6062992967006530E-007
   433.49999031051993        2.6062992786870823E-007
   433.99999029934406        2.6062992629898068E-007
   434.49999028816819        2.6062992489009755E-007
   434.99999027699232        2.6062992358889946E-007
   435.49999026581645        2.6062992235321968E-007
   435.99999025464058        2.6062992114738199E-007
   436.49999024346471        2.6062991993886270E-007
   436.99999023228884        2.6062991869550319E-007
   437.49999022111297        2.6062991738280372E-007
   437.99999020993710        2.6062991596084541E-007
   438.49999019876122        2.6062991438030411E-007
   438.99999018758535        2.6062991257672522E-007
   439.49999017640948        2.6062991046168602E-007
   439.99999016523361        2.6062990790831902E-007
   440.49999015405774        2.6062990472627765E-007
   440.99999014288187        2.6062990061591893E-007
   441.49999013170600        2.6062989507885354E-007
   441.99999012053013        2.6062988722916178E-007
   442.49999010935426        2.6062987535412266E-007
   442.99999009817839        2.6062985575293005E-007
   443.49999008700252        2.6062981907807887E-007
   443.99999007582664        2.6062973540671501E-007
   444.49999006465077        2.6062946143814180E-007
   444.99999005347490        2.6062805957714106E-007
   445.49999004229903        2.6065126002440499E-007
   445.99999003112316        2.6065012732024450E-007
   446.49999001994729        2.6064991498028367E-007
   446.99999000877142        2.6064984265668961E-007
   447.49998999759555        2.6064980845524499E-007
   447.99998998641968        2.6064978862610465E-007
   448.49998997524381        2.6064977515977802E-007
   448.99998996406794        2.6064976456821113E-007
   449.49998995289207        2.6064975488413416E-007
   449.99998994171619        2.6064974452826085E-007
   450.49998993054032        2.6064973154810949E-007
   450.99998991936445        2.6064971243079800E-007
   451.49998990818858        2.6064967874801902E-007
   451.99998989701271        2.6064960313255048E-007
   452.49998988583684        2.6064933836202858E-007
   452.99998987466097        2.6064453059129909E-007
   453.49998986348510        2.6599314670532216E-007
   453.99998985230923        2.6599254544655850E-007
   454.49998984113336        2.6599246809962179E-007
   454.99998982995749        2.6599244354471925E-007
   455.49998981878161        2.6599243243421614E-007
   455.99998980760574        2.6599242627788247E-007
   456.49998979642987        2.6599242236109476E-007
   456.99998978525400        2.6599241959248843E-007
   457.49998977407813        2.6599241745871540E-007
   457.99998976290226        2.6599241568673354E-007
   458.49998975172639        2.6599241411417071E-007
   458.99998974055052        2.6599241263240864E-007
   459.49998972937465        2.6599241115818671E-007
   459.99998971819878        2.6599240961704700E-007
   460.49998970702291        2.6599240793119717E-007
   460.99998969584703        2.6599240600758889E-007
   461.49998968467116        2.6599240372247738E-007
   461.99998967349529        2.6599240089728576E-007
   462.49998966231942        2.6599239725605057E-007
   462.99998965114355        2.6599239234327853E-007
   463.49998963996768        2.6599238535069132E-007
   463.99998962879181        2.6599237471166951E-007
   464.49998961761594        2.6599235701507649E-007
   464.99998960644007        2.6599232349322853E-007
   465.49998959526420        2.6599224484405838E-007
   465.99998958408833        2.6599195927369162E-007
   466.49998957291245        2.6598626299236824E-007
   466.99998956173658        2.6675564989065110E-007
   467.49998955056071        2.6675459207227908E-007
   467.99998953938484        2.6675443952202798E-007
   468.49998952820897        2.6675438930363888E-007
   468.99998951703310        2.6675436657847235E-007
   469.49998950585723        2.6675435433414978E-007
   469.99998949468136        2.6675434695777284E-007
   470.49998948350549        2.6675434215283138E-007
   470.99998947232962        2.6675433883575882E-007
   471.49998946115375        2.6675433644031688E-007
   471.99998944997787        2.6675433464690143E-007
   472.49998943880200        2.6675433326390124E-007
   472.99998942762613        2.6675433217073470E-007
   473.49998941645026        2.6675433128843930E-007
   473.99998940527439        2.6675433056357481E-007
   474.49998939409852        2.6675432995895761E-007
   474.99998938292265        2.6675432944811162E-007
   475.49998937174678        2.6675432901182316E-007
   475.99998936057091        2.6675432863593540E-007
   476.49998934939504        2.6675432830989834E-007
   476.99998933821917        2.6675432802579666E-007
   477.49998932704329        2.6675432777768504E-007
   477.99998931586742        2.6675432756112211E-007
   478.49998930469155        2.6675432737284691E-007
   478.99998929351568        2.6675432721054704E-007
   479.49998928233981        2.6675432707269258E-007
   479.99998927116394        2.6675432695841773E-007
   480.49998925998807        2.6675432686743829E-007
   480.99998924881220        2.6675432679998561E-007
   481.49998923763633        2.6675432675676830E-007
   481.99998922646046        2.6675432673893285E-007
   482.49998921528459        2.6675432674803772E-007
   482.99998920410872        2.6675432678602519E-007
   483.49998919293284        2.6675432685518829E-007
   483.99998918175697        2.6675432695813434E-007
   484.49998917058110        2.6675432709772680E-007
   484.99998915940523        2.6675432727701980E-007
   485.49998914822936        2.6675432749916388E-007
   485.99998913705349        2.6675432776728914E-007
   486.49998912587762        2.6675432808436004E-007
   486.99998911470175        2.6675432845300323E-007
   487.49998910352588        2.6675432887531041E-007
   487.99998909235001        2.6675432935262438E-007
   488.49998908117414        2.6675432988532282E-007
   488.99998906999826        2.6675433047260702E-007
   489.49998905882239        2.6675433111232220E-007
   489.99998904764652        2.6675433180083780E-007
   490.49998903647065        2.6675433253299391E-007
   490.99998902529478        2.6675433330214679E-007
   491.49998901411891        2.6675433410031043E-007
   491.99998900294304        2.6675433491840868E-007
   492.49998899176717        2.6675433574661595E-007
   492.99998898059130        2.6675433657475509E-007
   493.49998896941543        2.6675433739273978E-007
   493.99998895823956        2.6675433819100661E-007
   494.49998894706368        2.6675433896089433E-007
   494.99998893588781        2.6675433969496633E-007
   495.49998892471194        2.6675434038722323E-007
   495.99998891353607        2.6675434103321809E-007
   496.49998890236020        2.6675434163007292E-007
   496.99998889118433        2.6675434217640256E-007
   497.49998888000846        2.6675434267217888E-007
   497.99998886883259        2.6675434311854677E-007
   498.49998885765672        2.6675434351761215E-007
   498.99998884648085        2.6675434387224124E-007
   499.49998883530498        2.6675434418584677E-007
   499.99998882412910        2.6675434446222541E-007
