   92.251244901200550        0.0000000000000000        1.5779571085679986E-003
   45.973152844699321        0.0000000000000000       -1.1135775030761046E-003
   107.17167704167103        0.0000000000000000        1.6469494208427667E-003
   62.975477778075799        0.0000000000000000       -1.4678804413553134E-003
   93.813792609739465        0.0000000000000000        1.6829655720681802E-003
   108.83176375601111        0.0000000000000000       -1.5964465938139495E-003
   71.117011926230830        0.0000000000000000        1.6825094256070307E-003
   81.328136296498585        0.0000000000000000       -1.3547004612325180E-003
   96.371063935468271        0.0000000000000000        1.1128518739909798E-003
   77.505401338392915        0.0000000000000000       -1.4098084601655526E-003
   106.21480756123465        0.0000000000000000        1.4602879533732245E-003
   80.030884752182999        0.0000000000000000       -1.3170528407927308E-003
   32.287219663861961        0.0000000000000000        1.6141484856771594E-003
   55.043228550824267        0.0000000000000000       -1.8650608707127482E-003
   93.156530742100983        0.0000000000000000        1.8950206206252715E-003
   97.672589072642765        0.0000000000000000       -1.3388792575816776E-003
   60.114212112288456        0.0000000000000000        1.9575482756352177E-003
   39.086089788063980        0.0000000000000000       -1.0198649972658384E-003
   66.142288848200650        0.0000000000000000        1.1826755743210534E-003
   69.978206405564748        0.0000000000000000       -1.5375886388063254E-003
   72.088538042931361        0.0000000000000000        1.0173781333187985E-003
   65.833316393706582        0.0000000000000000       -1.7999128371178554E-003
   54.729432135042103        0.0000000000000000        1.6950057317559719E-003
   89.368464025640179        0.0000000000000000       -1.9776689517885752E-003
   32.574352808340294        0.0000000000000000        1.7153558732115272E-003
   72.748431747454788        0.0000000000000000       -1.7910833136489087E-003
   73.390026138384883        0.0000000000000000        1.8199805592219458E-003
   63.074758752169174        0.0000000000000000       -1.3146523725883136E-003
   94.382308698364909        0.0000000000000000        1.1957030930735491E-003
   38.817093332796588        0.0000000000000000       -1.9162504100547928E-003
   39.620539426474927        0.0000000000000000        1.4772649438539954E-003
   86.676446362649926        0.0000000000000000       -1.6109741262942180E-003
   43.826814096125474        0.0000000000000000        1.6068453278868234E-003
   59.080673004821520        0.0000000000000000       -1.9363113638330137E-003
   38.125478992100113        0.0000000000000000        1.2799588440591486E-003
   81.345651499693702        0.0000000000000000       -1.1015709006422737E-003
   83.497929956194099        0.0000000000000000        1.4253496783862174E-003
   106.06225504642018        0.0000000000000000       -1.8979354909611332E-003
   101.81595343244513        0.0000000000000000        1.2693120620861644E-003
   101.16441763162912        0.0000000000000000       -1.1043178338356772E-003
   73.654897342681537        0.0000000000000000        1.4408331624315115E-003
   80.685528179173360        0.0000000000000000       -1.7620253459277163E-003
   90.447089152122203        0.0000000000000000        1.3292323870176866E-003
   42.959915122169640        0.0000000000000000       -1.9337626934120729E-003
   98.175876742513793        0.0000000000000000        1.5617082276324380E-003
   102.03218207164339        0.0000000000000000       -1.8621911355238825E-003
   43.308142840992510        0.0000000000000000        1.0629287050550223E-003
   58.821898860743048        0.0000000000000000       -1.0310770075427358E-003
   100.09847480765796        0.0000000000000000        1.9676117331971698E-003
   66.276001288469274        0.0000000000000000       -1.2701033701475321E-003
   93.447219805402767        0.0000000000000000        1.5147324163294715E-003
   40.987133515283993        0.0000000000000000       -1.6324526413167761E-003
   43.646249455387093        0.0000000000000000        1.5829691088851117E-003
   47.874764124259372        0.0000000000000000       -1.0275219565204039E-003
   49.361474081054162        0.0000000000000000        1.9570312448315176E-003
   73.164728963266157        0.0000000000000000       -1.1603001270006320E-003
   90.149060273371305        0.0000000000000000        1.9325402148511394E-003
   36.558461765197379        0.0000000000000000       -1.3614111401629000E-003
   61.909978951041886        0.0000000000000000        1.4881127570134686E-003
   98.905978143252497        0.0000000000000000       -1.7132747069109875E-003
   35.887589174694710        0.0000000000000000        1.0464543671945285E-003
   103.66937048471192        0.0000000000000000       -1.5098269405229201E-003
   80.860374701768052        0.0000000000000000        1.6247114946956417E-003
   54.963404760713189        0.0000000000000000       -2.0063923207325608E-003
   81.074912351408273        0.0000000000000000        1.9682139137473208E-003
   69.209916991082054        0.0000000000000000       -1.2562602173978212E-003
   32.229578076995480        0.0000000000000000        1.0201173291495597E-003
   77.123127115593789        0.0000000000000000       -1.7788264883767558E-003
   73.630696995136589        0.0000000000000000        1.0135700279513477E-003
   77.109942984093479        0.0000000000000000       -1.0166512630709024E-003
   96.933507534370449        0.0000000000000000        1.1496859381229713E-003
   87.861713760244641        0.0000000000000000       -1.4407071786787901E-003
   77.569302989425836        0.0000000000000000        1.8320220238794958E-003
   38.695239131528389        0.0000000000000000       -1.0421541903287248E-003
   93.729691455471155        0.0000000000000000        1.7461907857436460E-003
   59.511417194297138        0.0000000000000000       -1.0704448652844171E-003
   102.48459136861270        0.0000000000000000        1.5733641934256772E-003
   63.515110807015304        0.0000000000000000       -1.5963481732200252E-003
   108.84153118480091        0.0000000000000000        1.1563971575993071E-003
   91.354458822247153        0.0000000000000000       -1.6362260097414717E-003
   91.200221904500609        0.0000000000000000        1.7364330953055149E-003
   40.690768656077822        0.0000000000000000       -1.9815467969445297E-003
   83.087225681763982        0.0000000000000000        1.6358459315993000E-003
   94.290928795793320        0.0000000000000000       -1.2000871142015697E-003
   57.855351688189486        0.0000000000000000        1.6129929903866745E-003
   39.752038625616770        0.0000000000000000       -1.3893222938453440E-003
   91.904576927115357        0.0000000000000000        1.5263905117114602E-003
   63.267821543303207        0.0000000000000000       -1.7454669456657308E-003
   96.226876334124597        0.0000000000000000        1.0395113475109242E-003
   102.98979968024183        0.0000000000000000       -1.9499670965687930E-003
   109.56419526552268        0.0000000000000000        1.3797380378614635E-003
   76.982484698940283        0.0000000000000000       -1.0887292227351872E-003
   54.606513619141985        0.0000000000000000        1.8320578282195249E-003
   83.784238127586747        0.0000000000000000       -1.0415900145176592E-003
   43.431123182282718        0.0000000000000000        1.5669645160436361E-003
   82.778374001080778        0.0000000000000000       -1.4611047423329336E-003
   32.554185626558343        0.0000000000000000        1.1786682814924451E-003
   72.576478865382640        0.0000000000000000       -1.4189743482555923E-003
   79.310437426113623        0.0000000000000000        1.2637092416751892E-003
   33.790896897911502        0.0000000000000000       -1.7535729987462301E-003
   55.780141456492743        0.0000000000000000        1.5329355379203470E-003
   38.445157092400933        0.0000000000000000       -1.1754640357923181E-003
   54.869717850442008        0.0000000000000000        1.4984683004550413E-003
   30.477146419704553        0.0000000000000000       -1.6936447173767505E-003
   52.630266056569006        0.0000000000000000        1.4439369689040575E-003
   96.087128601976858        0.0000000000000000       -1.3364329633629695E-003
   97.120430040951518        0.0000000000000000        1.1662843906059134E-003
   35.107781866565382        0.0000000000000000       -1.8156704699247080E-003
   94.390206842726599        0.0000000000000000        1.5594611446850652E-003
   68.240745974603527        0.0000000000000000       -1.9640501111010196E-003
   96.963407081367393        0.0000000000000000        1.9664082829114822E-003
   105.35601486013054        0.0000000000000000       -1.6941659388295472E-003
   85.640782197920828        0.0000000000000000        1.1175332520441366E-003
   75.201007653225957        0.0000000000000000       -1.3228517938696470E-003
   55.513630313794948        0.0000000000000000        1.6560222175395656E-003
   49.578992777458808        0.0000000000000000       -1.5773950037707713E-003
   35.735166688284963        0.0000000000000000        1.8735407844336371E-003
   36.848001781267385        0.0000000000000000       -1.1248675204141563E-003
   95.683487529170591        0.0000000000000000        1.3835832443186335E-003
   48.194117537212016        0.0000000000000000       -1.3676486006313079E-003
   100.95993998546929        0.0000000000000000        1.5803736095127334E-003
   100.16591951262897        0.0000000000000000       -1.7942551645161251E-003
   58.756781329804170        0.0000000000000000        1.7975613286985307E-003
   85.995428878425002        0.0000000000000000       -2.0063422328074096E-003
   85.774943199258075        0.0000000000000000        1.4932865444393978E-003
   85.355411536206361        0.0000000000000000       -1.4345039222745260E-003
   42.899306286104178        0.0000000000000000        1.7901158420541860E-003
   74.510710044126867        0.0000000000000000       -1.7848630732739525E-003
   87.721073876354865        0.0000000000000000        1.1680870394345226E-003
   76.156666481583443        0.0000000000000000       -1.6656390207465004E-003
   80.240971428745638        0.0000000000000000        1.7215530683557271E-003
   54.245663654293850        0.0000000000000000       -1.7084975026629816E-003
   61.877411828429217        0.0000000000000000        1.3063198105029590E-003
   87.653140623986999        0.0000000000000000       -1.9641658253299718E-003
   51.768665039235344        0.0000000000000000        1.5624308672080719E-003
   85.621503999223307        0.0000000000000000       -1.1855628125709155E-003
   97.278584876661810        0.0000000000000000        1.7371485747603268E-003
   102.43941229376537        0.0000000000000000       -1.6449330936067117E-003
   67.492731867264851        0.0000000000000000        1.1655087198907024E-003
   71.042975270411475        0.0000000000000000       -1.3373206679796557E-003
   77.901156512450399        0.0000000000000000        1.4859891872469199E-003
   39.672931438741834        0.0000000000000000       -1.3815628386780029E-003
   58.992629247145025        0.0000000000000000        1.7207085726487826E-003
   95.417181292128376        0.0000000000000000       -1.0631412816789006E-003
   87.993437649849341        0.0000000000000000        1.7690521272646998E-003
   104.98883089792636        0.0000000000000000       -1.5361682713706695E-003
   103.25628543591635        0.0000000000000000        1.3539082770294716E-003
   48.615959464503085        0.0000000000000000       -1.0669127914888182E-003
   37.710662482468621        0.0000000000000000        1.5661258338233108E-003
   52.870123853695894        0.0000000000000000       -1.4400201921138357E-003
   49.392741533278574        0.0000000000000000        1.7429683357885247E-003
   93.097169391101886        0.0000000000000000       -1.6871972957410789E-003
   59.339244369758717        0.0000000000000000        1.4124607286938721E-003
   96.277555365701687        0.0000000000000000       -1.0995369405961491E-003
   36.752501550004069        0.0000000000000000        1.7596641384473410E-003
   65.074142853963039        0.0000000000000000       -1.6879631439801503E-003
   89.580058011669507        0.0000000000000000        1.5088833632627727E-003
   98.392734070708457        0.0000000000000000       -1.3995631791723201E-003
   59.159520405214224        0.0000000000000000        1.2792624052111313E-003
   69.413722821620993        0.0000000000000000       -1.2538212199707610E-003
   68.212795377495425        0.0000000000000000        1.3313019097278601E-003
   106.68351927323133        0.0000000000000000       -1.6994234983579511E-003
   93.499746665458133        0.0000000000000000        1.0959412398217081E-003
   89.281269001026260        0.0000000000000000       -1.0097012406898840E-003
   84.374342819104697        0.0000000000000000        1.8268069849079146E-003
   106.64640636107534        0.0000000000000000       -1.2637431948010864E-003
   46.505585790343680        0.0000000000000000        1.9558623242904522E-003
   34.570789290085891        0.0000000000000000       -1.1402182004786126E-003
   96.795540786995304        0.0000000000000000        1.0129267076697968E-003
   58.540271669051471        0.0000000000000000       -1.0218655343207101E-003
   49.371747226558256        0.0000000000000000        1.5581931866339204E-003
   59.197901371292048        0.0000000000000000       -1.6894179025709691E-003
   98.746203388340462        0.0000000000000000        1.3758614992017443E-003
   92.433297894963189        0.0000000000000000       -1.5485491450284762E-003
   72.457194306833401        0.0000000000000000        1.2156235218026179E-003
   91.043279691945131        0.0000000000000000       -1.1351610306048335E-003
   31.251699248897545        0.0000000000000000        1.6720284791591972E-003
   80.878296943544115        0.0000000000000000       -1.3979956350293041E-003
   67.385400531613158        0.0000000000000000        1.8222703900683780E-003
   37.777015769472243        0.0000000000000000       -1.3418950954285295E-003
   101.50297075344170        0.0000000000000000        1.9812283551676620E-003
   51.940750191284309        0.0000000000000000       -1.9348713640009968E-003
   74.707524294521676        0.0000000000000000        1.5304131414792719E-003
   62.936624296145069        0.0000000000000000       -1.3703504836821846E-003
   100.68321104846531        0.0000000000000000        1.0454031397271067E-003
   59.724652556757746        0.0000000000000000       -1.8140106256454391E-003
   38.059449784203665        0.0000000000000000        1.6993402069492270E-003
   38.027295311170136        0.0000000000000000       -1.1199855976401622E-003
   107.66035759779739        0.0000000000000000        1.2904927723188422E-003
   61.112734488920253        0.0000000000000000       -1.7404605239354002E-003
   54.263625812816557        0.0000000000000000        1.2278661035098762E-003
   99.233697140885042        0.0000000000000000       -1.2982082092769895E-003
   56.008877317070002        0.0000000000000000        1.3182287244043157E-003
   58.727610900869031        0.0000000000000000       -1.7753732113551066E-003
   68.529473784785623        0.0000000000000000        1.5492346443820666E-003
   56.357956745140228        0.0000000000000000       -1.5801661778880017E-003
   35.761374704669791        0.0000000000000000        1.1297132177219402E-003
   80.713649095957265        0.0000000000000000       -1.6415945298359508E-003
   84.079473278977702        0.0000000000000000        1.5681515314840821E-003
   49.695601244176153        0.0000000000000000       -1.0112391578563961E-003
   57.828855970254708        0.0000000000000000        1.8554218495996837E-003
   82.058350853754206        0.0000000000000000       -1.1031348720887989E-003
   82.757049379707638        0.0000000000000000        1.1753365115005951E-003
   48.145633071502417        0.0000000000000000       -1.9684337311647827E-003
   83.317691677053375        0.0000000000000000        1.7825082479826560E-003
   105.12659159678350        0.0000000000000000       -1.7464056004760065E-003
   102.04609805458863        0.0000000000000000        1.3059848235077792E-003
   107.75329218498277        0.0000000000000000       -1.6052751023134348E-003
   75.000675992193692        0.0000000000000000        1.8140310810441983E-003
   43.127832129307805        0.0000000000000000       -1.1311441024353880E-003
   50.276571984255639        0.0000000000000000        1.5539679329333745E-003
   65.226855246659866        0.0000000000000000       -1.8005648972805291E-003
   34.159740474776711        0.0000000000000000        1.2130077927384449E-003
   54.008449970475553        0.0000000000000000       -1.9028648100616068E-003
   61.303596942663496        0.0000000000000000        1.8338309465648235E-003
   89.739848350796677        0.0000000000000000       -1.1805036030096596E-003
   80.967287044083804        0.0000000000000000        1.2545912347352733E-003
   33.386368460675371        0.0000000000000000       -1.7756745716719217E-003
   95.290814599150394        0.0000000000000000        1.8414715973701819E-003
   72.258164147887015        0.0000000000000000       -1.4489457696354141E-003
   55.556348129454911        0.0000000000000000        1.8586951275861006E-003
   67.543083615680032        0.0000000000000000       -1.1099592667682221E-003
   91.156299714055876        0.0000000000000000        1.9857960928717118E-003
   41.158117822472136        0.0000000000000000       -1.1418877178231040E-003
   105.30246513293947        0.0000000000000000        1.3411699319770944E-003
   109.42289050443708        0.0000000000000000       -1.9871084436267369E-003
   31.130344564013662        0.0000000000000000        1.8342939059678208E-003
   54.472339186403858        0.0000000000000000       -1.7676321106882846E-003
   39.233791825667730        0.0000000000000000        1.0314678515542151E-003
   74.641988564006596        0.0000000000000000       -1.8991162112437314E-003
   66.655055748813936        0.0000000000000000        1.5613687406061951E-003
   72.286781717276028        0.0000000000000000       -1.3912840732907305E-003
   50.870065014401071        0.0000000000000000        1.2630598067175330E-003
   35.897071646458308        0.0000000000000000       -1.3475244062350026E-003
   81.769089340128744        0.0000000000000000        1.8028152040910031E-003
   52.297327501774902        0.0000000000000000       -1.1867622920819474E-003
   81.373462181522711        0.0000000000000000        1.4326769899414885E-003
   68.775605491582013        0.0000000000000000       -1.5111395467633907E-003
   60.886408662984131        0.0000000000000000        1.8074539425919152E-003
   107.32482198856280        0.0000000000000000       -1.6188647865491947E-003
   33.260713160317898        0.0000000000000000        1.1346046835705979E-003
   61.391391639999348        0.0000000000000000       -1.4065910488686259E-003
   50.961221795180819        0.0000000000000000        1.2455610233829077E-003
   66.372537111660861        0.0000000000000000       -1.0272455564743757E-003
   72.894373210136536        0.0000000000000000        1.7094134506981831E-003
   49.860094673429415        0.0000000000000000       -1.4380332624221229E-003
   51.691769414564604        0.0000000000000000        1.2968606299693531E-003
   97.072934748178739        0.0000000000000000       -1.3273616477745016E-003
   86.358665582064503        0.0000000000000000        1.8598002761501121E-003
   57.811616105346545        0.0000000000000000       -1.0202984619842941E-003
   58.413574642504670        0.0000000000000000        1.7965975616299461E-003
   95.064014241528966        0.0000000000000000       -1.0315256560806440E-003
   85.967841037200301        0.0000000000000000        1.1355429600779501E-003
   61.649155473062635        0.0000000000000000       -1.1950748509359122E-003
   109.72630499212583        0.0000000000000000        1.2271771290330760E-003
   93.887182934827848        0.0000000000000000       -1.8710335398727227E-003
   30.596311738715691        0.0000000000000000        1.4998443819930264E-003
   108.21143679590845        0.0000000000000000       -1.3238664826704955E-003
   72.934299177205702        0.0000000000000000        1.0918757350071241E-003
   75.162618716456734        0.0000000000000000       -1.9881293806393394E-003
   96.524471988616099        0.0000000000000000        1.3851672289517233E-003
   76.956590277725866        0.0000000000000000       -1.0560987062464887E-003
   109.91209682245423        0.0000000000000000        1.5589643401308730E-003
   43.978552677691724        0.0000000000000000       -1.3482919006536532E-003
   90.025083114777388        0.0000000000000000        1.7232051028637820E-003
   73.706688955461985        0.0000000000000000       -1.1529211343632106E-003
   75.869276448246239        0.0000000000000000        1.0885825176551788E-003
   54.834686950474563        0.0000000000000000       -1.1297595984548624E-003
   76.219378281733142        0.0000000000000000        1.1984661632569154E-003
   86.649429029911374        0.0000000000000000       -1.6552739085810453E-003
   64.353874394238971        0.0000000000000000        1.9864463374168798E-003
   85.099571144188118        0.0000000000000000       -1.6013622862639542E-003
   84.173563110129351        0.0000000000000000        1.2321668911819278E-003
   52.673073153683688        0.0000000000000000       -1.4317291614154852E-003
   72.709306810701861        0.0000000000000000        1.3835128669583271E-003
   44.422617438940229        0.0000000000000000       -1.5668766883433413E-003
   60.908107216067293        0.0000000000000000        1.5994562041227415E-003
   87.585171112191688        0.0000000000000000       -1.0601289006002613E-003
   69.370049150269011        0.0000000000000000        1.1645581883696183E-003
   98.862067028973783        0.0000000000000000       -1.4588313207187684E-003
   59.244508936980736        0.0000000000000000        1.7453049662079488E-003
   39.349958524278748        0.0000000000000000       -1.9690335185288030E-003
   43.605527618289990        0.0000000000000000        1.9774498212602807E-003
   36.475032270261607        0.0000000000000000       -1.6783776597511517E-003
   107.32448239928485        0.0000000000000000        1.8403211904239132E-003
   70.082808209639808        0.0000000000000000       -1.4793236019428366E-003
   88.427577933992197        0.0000000000000000        1.7755509116275001E-003
   79.616116546585573        0.0000000000000000       -1.9526764600404135E-003
   38.690444422668250        0.0000000000000000        1.4098889861960250E-003
   32.000232452165243        0.0000000000000000       -1.3926088548838137E-003
   30.257102227647152        0.0000000000000000        1.6452425725637682E-003
   41.350479533580980        0.0000000000000000       -1.3794145174501086E-003
   101.22093619380655        0.0000000000000000        2.0125922629815069E-003
   97.772989125638517        0.0000000000000000       -1.0473947720960948E-003
   108.25834321584932        0.0000000000000000        1.4230081967736197E-003
   70.896949404743822        0.0000000000000000       -1.1565577147099413E-003
   84.426301560976938        0.0000000000000000        1.9460041394106786E-003
   40.398966389000115        0.0000000000000000       -1.9597525639965478E-003
   105.55955720368698        0.0000000000000000        1.1719721996926958E-003
   107.91629360878913        0.0000000000000000       -1.2069402032133709E-003
   51.824526349190535        0.0000000000000000        1.9713970052307565E-003
   80.940560391771697        0.0000000000000000       -1.1714519241794780E-003
   49.925942161273341        0.0000000000000000        1.8371521352807960E-003
   68.241485584167208        0.0000000000000000       -1.9877644251041736E-003
   91.649582690744523        0.0000000000000000        1.9975924856873370E-003
   105.68246268309099        0.0000000000000000       -1.4933571499235376E-003
   69.156368736719799        0.0000000000000000        1.0865539579599163E-003
   38.008873724763681        0.0000000000000000       -1.8930247296281583E-003
   95.088053403892914        0.0000000000000000        1.7205943945696699E-003
   63.587210139637577        0.0000000000000000       -1.9426791693903244E-003
   49.761191751931015        0.0000000000000000        1.2495276392272684E-003
   104.75892198866194        0.0000000000000000       -1.4979916071899658E-003
   92.296463311601400        0.0000000000000000        1.2264604917257484E-003
   67.406805270964611        0.0000000000000000       -1.5884773565963139E-003
   84.024998096351652        0.0000000000000000        1.9082322619957427E-003
   58.843962689750811        0.0000000000000000       -1.8924676112938986E-003
   31.850717116864857        0.0000000000000000        1.9078741970279915E-003
   76.378490732542389        0.0000000000000000       -1.8368513561596500E-003
   37.680427478307422        0.0000000000000000        1.7593120659153522E-003
   62.625218716856139        0.0000000000000000       -1.9343613784090184E-003
   94.740513015914289        0.0000000000000000        1.6286122827926968E-003
   54.989311734544515        0.0000000000000000       -1.6957522936381728E-003
   76.968485135399732        0.0000000000000000        1.2145354837155300E-003
   65.102715162825859        0.0000000000000000       -1.0433356488082294E-003
   73.609658681865824        0.0000000000000000        1.1989758495788052E-003
   84.832210662085600        0.0000000000000000       -1.4291196505749611E-003
   37.643074819547742        0.0000000000000000        1.8683826167390934E-003
   105.47806980386099        0.0000000000000000       -1.0883982259213393E-003
   100.75971556185434        0.0000000000000000        1.9250581861829320E-003
   73.510103474805959        0.0000000000000000       -1.3777501198780394E-003
   95.548393031127119        0.0000000000000000        1.2696913500470496E-003
   90.026367688943722        0.0000000000000000       -1.5788363193505006E-003
   36.103740689256483        0.0000000000000000        1.5215887991883999E-003
   100.85604411745538        0.0000000000000000       -1.9713664183604439E-003
   36.363258008270364        0.0000000000000000        1.7323837064665648E-003
   79.181279784035354        0.0000000000000000       -1.1588371907180568E-003
   97.327293093223929        0.0000000000000000        1.9455545822239428E-003
   32.305955366701689        0.0000000000000000       -1.4893429441092676E-003
   36.346551952624864        0.0000000000000000        1.9403534900468507E-003
   70.158241066334313        0.0000000000000000       -1.3716981883543544E-003
   42.948243543827630        0.0000000000000000        1.6833317775362645E-003
   61.433469236627161        0.0000000000000000       -1.8780120055283676E-003
   32.749219985270926        0.0000000000000000        1.3758588966076924E-003
   105.26079428062623        0.0000000000000000       -1.9032705807828423E-003
   65.249964941303247        0.0000000000000000        1.3638322840236355E-003
   39.733750197631117        0.0000000000000000       -1.4167360017877915E-003
   69.965895992510639        0.0000000000000000        1.0661734608085408E-003
   104.11362250603868        0.0000000000000000       -1.6559959296230848E-003
   52.263113439179875        0.0000000000000000        1.7956297183317226E-003
   102.96172157981501        0.0000000000000000       -1.0613276438566964E-003
   48.093585131718442        0.0000000000000000        1.0312844214085523E-003
   73.787959464095650        0.0000000000000000       -1.2280848356568189E-003
   79.315798174516218        0.0000000000000000        1.6426156164631375E-003
   98.805813241194286        0.0000000000000000       -1.4889248062520113E-003
   82.341763242839505        0.0000000000000000        1.6020803859479970E-003
   62.760500527740497        0.0000000000000000       -1.0693580347689985E-003
   53.749339020476718        0.0000000000000000        1.7822062559243478E-003
   55.521913164715514        0.0000000000000000       -1.0779867680662518E-003
   108.12857020771122        0.0000000000000000        1.4595828001453634E-003
   72.370272081886924        0.0000000000000000       -1.4536882455984683E-003
   93.619139649928783        0.0000000000000000        1.8222263345407407E-003
   55.053676257296509        0.0000000000000000       -1.8065339853630832E-003
   47.136283581268557        0.0000000000000000        1.1695073810492986E-003
   81.485372867768945        0.0000000000000000       -1.4313082630869277E-003
   78.234238682409341        0.0000000000000000        1.4014376164420497E-003
   58.807740792521969        0.0000000000000000       -1.2492730517127753E-003
   83.727622480941520        0.0000000000000000        1.5307821888101115E-003
   104.38246061520152        0.0000000000000000       -1.3521854604025500E-003
   50.725975333205085        0.0000000000000000        1.2822848162914375E-003
   99.963116685252487        0.0000000000000000       -1.4178466173610726E-003
   56.177171460676078        0.0000000000000000        1.1482161368692213E-003
   93.072010617750323        0.0000000000000000       -1.1424464096966330E-003
   75.347637439696769        0.0000000000000000        1.6426840254049363E-003
   32.918565592267001        0.0000000000000000       -1.6029040913354262E-003
   94.627904488876297        0.0000000000000000        2.0123214943730235E-003
   84.520175259707599        0.0000000000000000       -1.7041849059845824E-003
   57.517349207065493        0.0000000000000000        1.0652421913662021E-003
   85.883261978782627        0.0000000000000000       -1.6106137486441821E-003
   103.15527367164776        0.0000000000000000        1.2883456986371050E-003
   31.195546798198226        0.0000000000000000       -1.3738095719795344E-003
   71.006295931009817        0.0000000000000000        1.9001542582334405E-003
   40.938078586001012        0.0000000000000000       -1.9291129543743144E-003
   97.590529162744019        0.0000000000000000        1.0267650605779218E-003
   75.939365430329190        0.0000000000000000       -1.3476976842370257E-003
   70.775372787463539        0.0000000000000000        1.6544901871916110E-003
   67.650191827878416        0.0000000000000000       -1.1696549417106136E-003
   100.72550550201640        0.0000000000000000        1.9790378055210564E-003
   62.648406048633653        0.0000000000000000       -1.4645563771294606E-003
   94.283312293721082        0.0000000000000000        1.2088448947157721E-003
   109.04289064875458        0.0000000000000000       -1.1669392600872374E-003
   101.43836999967027        0.0000000000000000        1.2856036107151267E-003
   50.663073903068010        0.0000000000000000       -1.1363642164999457E-003
   105.98604885709157        0.0000000000000000        1.2020373493964870E-003
   62.104392150847076        0.0000000000000000       -1.1532297096317073E-003
   64.699726692917267        0.0000000000000000        1.6685170679857030E-003
   70.947793089534187        0.0000000000000000       -1.3643746732180089E-003
   47.006493673266959        0.0000000000000000        1.6839531339231694E-003
   102.31628619998335        0.0000000000000000       -1.1690705817943956E-003
   106.35494065329820        0.0000000000000000        1.8248071108495421E-003
   49.887163350624739        0.0000000000000000       -1.3028464413886963E-003
   78.470145850291090        0.0000000000000000        1.7105633181994585E-003
   66.963412023891351        0.0000000000000000       -1.8191911960766653E-003
   50.109179257318821        0.0000000000000000        1.2943355014026390E-003
   71.123039416056741        0.0000000000000000       -1.1619766063159476E-003
   91.910439033289521        0.0000000000000000        1.1038424166902416E-003
   84.156382740416163        0.0000000000000000       -1.2869073564891562E-003
   42.012911137443261        0.0000000000000000        1.3860147180842061E-003
   79.577649426236405        0.0000000000000000       -1.0544459925872405E-003
   91.469822877828761        0.0000000000000000        1.4120551761277981E-003
   63.877319718181184        0.0000000000000000       -1.5171999041078909E-003
   93.985988931404279        0.0000000000000000        1.8312354444500912E-003
   63.654212558321603        0.0000000000000000       -1.2525926138162731E-003
   63.396497196790882        0.0000000000000000        1.9483649596652654E-003
   44.240680790278589        0.0000000000000000       -1.9922739082818787E-003
   92.934765434824442        0.0000000000000000        1.0975670614148628E-003
   43.499924958660031        0.0000000000000000       -1.7793886244781775E-003
   82.675095021385644        0.0000000000000000        1.9059398707316827E-003
   74.742551123337904        0.0000000000000000       -1.7776284505378974E-003
   32.955840841122843        0.0000000000000000        1.6400818219292376E-003
   83.526195936218670        0.0000000000000000       -1.6019822045988611E-003
   77.706537909799820        0.0000000000000000        1.2343829533342770E-003
   104.32828191715900        0.0000000000000000       -1.1814679360843963E-003
   45.659145633373754        0.0000000000000000        1.4243457358248568E-003
   92.817400116738881        0.0000000000000000       -1.1782576121289634E-003
   58.930375618390329        0.0000000000000000        1.9522370627849631E-003
   47.864032407876678        0.0000000000000000       -1.6680977532308491E-003
   95.510918275221485        0.0000000000000000        1.4478546970486965E-003
   55.760853851711218        0.0000000000000000       -1.8903186489330397E-003
   38.416855736476364        0.0000000000000000        1.5081971022128788E-003
   102.63697723279792        0.0000000000000000       -1.2180641589775853E-003
   39.892745229184079        0.0000000000000000        1.5059481507086329E-003
   75.942823212884832        0.0000000000000000       -1.4065266544377661E-003
   42.746326150156818        0.0000000000000000        1.6269831678941344E-003
   35.872094101515579        0.0000000000000000       -1.0839294803306986E-003
   50.284079028180003        0.0000000000000000        1.8395346462768952E-003
   80.596500427752659        0.0000000000000000       -1.5696208448948688E-003
   78.294269037084021        0.0000000000000000        1.8101651839386786E-003
   42.441764114801472        0.0000000000000000       -1.3219125698255992E-003
   103.92438705635475        0.0000000000000000        1.7763873283468377E-003
   90.073088651119278        0.0000000000000000       -1.7954353781269993E-003
   82.413562328441515        0.0000000000000000        1.4405150535064446E-003
   81.231005423123733        0.0000000000000000       -1.5115906548225590E-003
   46.885655014353844        0.0000000000000000        1.3394595903735193E-003
   76.424533302280068        0.0000000000000000       -1.2369054465803740E-003
   39.644420187106505        0.0000000000000000        1.1333913975995688E-003
   102.66079634372676        0.0000000000000000       -1.2447666972003496E-003
   32.830426693194347        0.0000000000000000        1.2581457208152515E-003
   68.814407246525235        0.0000000000000000       -1.5299593025361446E-003
   48.642819627456902        0.0000000000000000        1.7584066151730207E-003
   67.840872784249910        0.0000000000000000       -1.1900313295526979E-003
