   53.432032272144234        0.0000000000000000        1.4688642317524962E-003
   71.369932294683565        0.0000000000000000       -1.7649252657921338E-003
   97.657405932864080        0.0000000000000000        1.2691005480664583E-003
   106.73116113648987        0.0000000000000000       -1.0761855955765255E-003
   63.748861620070805        0.0000000000000000        1.9754656649783420E-003
   108.27500126181944        0.0000000000000000       -1.9469536075357261E-003
   33.652524984846636        0.0000000000000000        1.4354394826100432E-003
   93.487006253731408        0.0000000000000000       -1.2560876476031897E-003
   49.389539518748023        0.0000000000000000        1.5045081153701111E-003
   69.499228164179925        0.0000000000000000       -1.7685199157280221E-003
   92.730876923808822        0.0000000000000000        1.7525386892464562E-003
   92.145330341039752        0.0000000000000000       -1.0599157106501431E-003
   106.92509232529703        0.0000000000000000        1.6175855199966518E-003
   100.33018484848604        0.0000000000000000       -1.8148588222686587E-003
   61.638889707168218        0.0000000000000000        1.8083269518310470E-003
   35.812211592777231        0.0000000000000000       -1.5594975332148401E-003
   107.11288422484577        0.0000000000000000        1.3886687262966897E-003
   88.631162391006299        0.0000000000000000       -1.8406524091675611E-003
   51.184196643184734        0.0000000000000000        1.5509258997899854E-003
   66.291211267593397        0.0000000000000000       -1.8041333749296545E-003
   66.568384138494437        0.0000000000000000        1.1229719108579114E-003
   72.545971048449843        0.0000000000000000       -1.9857030638432411E-003
   31.115148360565613        0.0000000000000000        1.6216767675693007E-003
   78.637464828922162        0.0000000000000000       -1.3164459029282732E-003
   57.978861237747154        0.0000000000000000        1.2856180339371628E-003
   100.24101550323758        0.0000000000000000       -1.2837490379368492E-003
   78.770127837766637        0.0000000000000000        1.9402431259008472E-003
   31.017632890209796        0.0000000000000000       -1.8416457651154834E-003
   49.571955940366152        0.0000000000000000        1.2568370385450810E-003
   103.42824424989352        0.0000000000000000       -1.3882921943557055E-003
   51.661709470482293        0.0000000000000000        1.9593092133452132E-003
   54.083688218453560        0.0000000000000000       -1.3008596583183472E-003
   70.794641546728911        0.0000000000000000        1.2848444028321358E-003
   82.224883341472434        0.0000000000000000       -1.2437153381482115E-003
   87.869225023214199        0.0000000000000000        1.7096449108029289E-003
   45.172180244369585        0.0000000000000000       -1.4194517132609026E-003
   104.10059023601332        0.0000000000000000        1.9421332011281100E-003
   47.463349770468461        0.0000000000000000       -1.1754672550095960E-003
   95.190239855769235        0.0000000000000000        1.2138237551414404E-003
   85.106789328072239        0.0000000000000000       -1.4178558173602782E-003
   70.923978060058118        0.0000000000000000        1.1722230296155843E-003
   47.871896312809099        0.0000000000000000       -1.0984913172199333E-003
   73.210072286692110        0.0000000000000000        1.3673396274774901E-003
   62.052399877272642        0.0000000000000000       -1.6108216413741013E-003
   97.379082944260901        0.0000000000000000        1.8075944951758758E-003
   45.579921352353814        0.0000000000000000       -1.9307443242316462E-003
   53.587914465976560        0.0000000000000000        1.8751991581023161E-003
   108.00751017942925        0.0000000000000000       -1.1434451942475572E-003
   71.073995635678443        0.0000000000000000        1.0269287322137463E-003
   99.222420348410054        0.0000000000000000       -1.0593048387351764E-003
