   0.0000000000000000       -3.3894043471906779E-004  -3.2177334416019596E-002
   21.000000648200512       -3.3873149631184101E-004  -3.2178889278011089E-002
   42.000001296401024       -2.8763628824202364E-004  -3.2180630077744216E-002
   63.000001944601536       -2.8627291781516546E-004  -3.2182341997715871E-002
   84.000002592802048       -2.8621058338947612E-004  -3.2184065226179663E-002
   105.00000324100256       -2.8616574154689638E-004  -3.2185973710084081E-002
   126.00000388920307       -2.8612310293038454E-004  -3.2187564903836369E-002
   147.00000453740358       -2.8606163447720612E-004  -3.2189203256550121E-002
   168.00000518560410       -2.8598211405615661E-004  -3.2191004889860098E-002
   189.00000583380461       -2.8589846007354125E-004  -3.2192645567795809E-002
   210.00000648200512       -2.8586143238814460E-004  -3.2194259545786016E-002
   231.00000713020563       -2.8478916786773027E-004  -3.2195673823099707E-002
   252.00000777840614       -2.8470439491376016E-004  -3.2197278711380103E-002
   273.00000842660666       -2.8463435993878508E-004  -3.2198966782394770E-002
   294.00000907480717       -2.8454598163979460E-004  -3.2200627396358802E-002
   315.00000972300768       -2.8449666420990986E-004  -3.2202195193040371E-002
   336.00001037120819       -2.8442870414107280E-004  -3.2203915593873547E-002
   357.00001101940870       -2.8435061798997283E-004  -3.2205532704575823E-002
   378.00001166760921       -2.8427881299327514E-004  -3.2207079062792264E-002
   399.00001231580973       -2.8420693457030657E-004  -3.2208756304413222E-002
   420.00001296401024       -2.8411966428182475E-004  -3.2210437330225307E-002
   441.00001361221075       -2.8403928661309847E-004  -3.2212011159037733E-002
   462.00001426041126       -2.8396745587425934E-004  -3.2213686773608412E-002
   483.00001490861177       -2.8389830914380738E-004  -3.2215274319457851E-002
   504.00001555681229       -2.8383562908027569E-004  -3.2217110333266033E-002
   525.00001620501280       -2.8328089988589509E-004  -3.2218677530778117E-002
   546.00001685321331       -2.8319584252805180E-004  -3.2220296154067594E-002
   567.00001750141382       -2.8311781633067368E-004  -3.2222003559197070E-002
   588.00001814961433       -2.8303635706399081E-004  -3.2223616550326746E-002
   609.00001879781485       -2.8296858849459179E-004  -3.2225360859982892E-002
   630.00001944601536       -2.8292114141574315E-004  -3.2226881213095478E-002
   651.00002009421587       -2.7146911619387780E-004  -3.2228348745968298E-002
   672.00002074241638       -2.7139661022335462E-004  -3.2229925373979972E-002
   693.00002139061689       -2.7131671321205849E-004  -3.2231538320213242E-002
   714.00002203881741       -2.7124597944300953E-004  -3.2233026862028870E-002
   735.00002268701792       -2.7115501802158160E-004  -3.2234694424236855E-002
   756.00002333521843       -2.7110349847996647E-004  -3.2236170106632718E-002
   777.00002398341894       -2.7102647880076114E-004  -3.2237707647449779E-002
   798.00002463161945       -2.7094815622361729E-004  -3.2239270186253700E-002
   819.00002527981997       -2.7086943279658554E-004  -3.2240875379618082E-002
   840.00002592802048       -2.7080254527565178E-004  -3.2242388930933112E-002
   861.00002657622099       -2.7072498998871104E-004  -3.2243943506899013E-002
   882.00002722442150       -2.6663857841314657E-004  -3.2245473040486090E-002
   903.00002787262201       -2.6618510748172139E-004  -3.2247247473816749E-002
   924.00002852082253       -2.6611975537521197E-004  -3.2248863721687338E-002
   945.00002916902304       -2.6607507788954432E-004  -3.2250030936355020E-002
   966.00002981722355       -2.6069456199686122E-004  -3.2251647294232390E-002
   987.00003046542406       -2.6061934939220567E-004  -3.2253231095543400E-002
   1008.0000311136246       -2.6054943057697132E-004  -3.2254761693098925E-002
   1029.0000317618251       -2.6046487216647665E-004  -3.2256363676912980E-002
   1050.0000324100256       -2.6039128488231805E-004  -3.2257901640766230E-002
   1071.0000330582261       -2.6032822534866366E-004  -3.2259612022120757E-002
   1092.0000337064266       -2.6025755922211437E-004  -3.2261175026694455E-002
   1113.0000343546271       -2.6019832447090935E-004  -3.2262375752368552E-002
   1134.0000350028276       -2.6012223113429508E-004  -3.2263969627324578E-002
   1155.0000356510282       -2.6005991323749353E-004  -3.2265508335617657E-002
   1176.0000362992287       -2.6002526881729741E-004  -3.2266768974112764E-002
   1197.0000369474292       -2.5996666004120158E-004  -3.2268234721618896E-002
   1218.0000375956297       -2.2339558138181594E-004  -3.2269833836840893E-002
   1239.0000382438302       -2.2331056437953454E-004  -3.2271670254217101E-002
   1260.0000388920307       -2.2324529369510741E-004  -3.2273262726241009E-002
   1281.0000395402312       -2.2317749477285200E-004  -3.2274723557421274E-002
   1302.0000401884317       -2.2311574938051334E-004  -3.2276253134938614E-002
   1323.0000408366323       -2.2305030702116915E-004  -3.2278034093353364E-002
   1344.0000414848328       -2.2299559992748234E-004  -3.2279638524469349E-002
   1365.0000421330333       -2.2292756517373294E-004  -3.2281150656580306E-002
   1386.0000427812338       -2.2287173255960754E-004  -3.2282542691360890E-002
   1407.0000434294343       -2.2279910972697840E-004  -3.2284384229966358E-002
   1428.0000440776348       -2.2274359314177535E-004  -3.2285745808352181E-002
   1449.0000447258353       -2.2267189840188080E-004  -3.2287279697486022E-002
   1470.0000453740358       -2.2261642223759772E-004  -3.2288616365624086E-002
   1491.0000460222363       -2.2254117898076403E-004  -3.2290109460859945E-002
   1512.0000466704369       -2.2247969210616668E-004  -3.2291582498454097E-002
   1533.0000473186374       -2.2241311556319944E-004  -3.2293106656676368E-002
   1554.0000479668379       -2.2234417923642830E-004  -3.2294637100192349E-002
   1575.0000486150384       -2.2227402515713888E-004  -3.2296120613466824E-002
   1596.0000492632389       -2.2220557238436213E-004  -3.2297873767972267E-002
   1617.0000499114394       -2.2214766990360629E-004  -3.2299444070769970E-002
   1638.0000505596399       -2.2209334295528627E-004  -3.2301005198424736E-002
   1659.0000512078404       -2.2202405081317927E-004  -3.2302596415907082E-002
   1680.0000518560410       -2.2196206077110188E-004  -3.2304040251042658E-002
   1701.0000525042415       -2.2189052599403102E-004  -3.2305524464454956E-002
   1722.0000531524420       -2.2183235145860922E-004  -3.2307124185976602E-002
   1743.0000538006425       -2.2178304320115340E-004  -3.2308670061939160E-002
   1764.0000544488430       -2.2171056909847073E-004  -3.2310210922945087E-002
   1785.0000550970435       -2.2164811018783562E-004  -3.2311638826829643E-002
   1806.0000557452440       -2.2159115090906613E-004  -3.2312975486415943E-002
   1827.0000563934445       -2.2139742164354527E-004  -3.2314561292666771E-002
   1848.0000570416451       -2.2134330550832923E-004  -3.2316008608330386E-002
   1869.0000576898456       -2.2127241698476104E-004  -3.2317541599813024E-002
   1890.0000583380461       -2.0438983824691147E-004  -3.2318975991561610E-002
   1911.0000589862466       -2.0432956701101841E-004  -3.2320389013460724E-002
   1932.0000596344471       -2.0425620914249780E-004  -3.2321908500949133E-002
   1953.0000602826476       -2.0418488681813975E-004  -3.2323497363433797E-002
   1974.0000609308481       -2.0412186387163412E-004  -3.2324943645241078E-002
   1995.0000615790486       -2.0405989621118348E-004  -3.2326439031124858E-002
   2016.0000622272491       -2.0399508714197894E-004  -3.2327976355361533E-002
   2037.0000628754497       -2.0392840227047296E-004  -3.2329460079922795E-002
   2058.0000635236502       -2.0386230813402469E-004  -3.2330916358967413E-002
   2079.0000641718507       -2.0380276617947167E-004  -3.2332337405064672E-002
   2100.0000648200512       -2.0374562222289863E-004  -3.2333738346568081E-002
   2121.0000654682517       -2.0367446428046996E-004  -3.2335251345348023E-002
   2142.0000661164522       -2.0361175588032328E-004  -3.2336749022126285E-002
   2163.0000667646527       -2.0355331720822714E-004  -3.2338091811066477E-002
   2184.0000674128532       -2.0348532126981288E-004  -3.2339523061853045E-002
   2205.0000680610538       -2.0342117691699016E-004  -3.2341019575143758E-002
   2226.0000687092543       -2.0335696335037581E-004  -3.2342473557998686E-002
   2247.0000693574548       -2.0329031503269320E-004  -3.2343943337554956E-002
   2268.0000700056553       -2.0323639420532445E-004  -3.2345494799008410E-002
   2289.0000706538558       -2.0319127493466607E-004  -3.2346790767707516E-002
   2310.0000713020563       -2.0312807787347303E-004  -3.2348102143596576E-002
   2331.0000719502568       -2.0308632055574509E-004  -3.2349463333448063E-002
   2352.0000725984573       -2.0301377141538745E-004  -3.2351118658319689E-002
   2373.0000732466578       -2.0294460509746921E-004  -3.2352797003357532E-002
   2394.0000738948584       -2.0288379903220767E-004  -3.2354258724735352E-002
   2415.0000745430589       -2.0282661730650943E-004  -3.2355638240544334E-002
   2436.0000751912594       -2.0275926118373485E-004  -3.2357117452170077E-002
   2457.0000758394599       -2.0269745426321556E-004  -3.2358559114590353E-002
   2478.0000764876604       -2.0263419156803022E-004  -3.2360120542841472E-002
   2499.0000771358609       -2.0257074404285061E-004  -3.2361566598011586E-002
   2520.0000777840614       -2.0251060859056920E-004  -3.2362986612901157E-002
   2541.0000784322619       -2.0245144435475823E-004  -3.2364395657354793E-002
   2562.0000790804625       -2.0238543869762024E-004  -3.2365851872118573E-002
   2583.0000797286630       -2.0232463717106397E-004  -3.2367278058713748E-002
   2604.0000803768635       -2.0226535420724931E-004  -3.2368743947770784E-002
   2625.0000810250640       -2.0220049647834613E-004  -3.2370185281619349E-002
   2646.0000816732645       -2.0213805742433572E-004  -3.2371626596806813E-002
   2667.0000823214650       -2.0208627803084041E-004  -3.2373075668555296E-002
   2688.0000829696655       -2.0202432840095747E-004  -3.2374456614873523E-002
   2709.0000836178660       -2.0196480406104049E-004  -3.2375790871610917E-002
   2730.0000842660666       -2.0190449947315783E-004  -3.2377215583056104E-002
   2751.0000849142671       -2.0183850020916792E-004  -3.2378744781441926E-002
   2772.0000855624676       -2.0177902542871287E-004  -3.2380159997892108E-002
   2793.0000862106681       -2.0171830063621417E-004  -3.2381585027435503E-002
   2814.0000868588686       -2.0166051336222498E-004  -3.2382938308503785E-002
   2835.0000875070691       -2.0160008316123698E-004  -3.2384348745896172E-002
   2856.0000881552696       -2.0154443632667499E-004  -3.2385727514303110E-002
   2877.0000888034701       -2.0149068796213628E-004  -3.2387173978920943E-002
   2898.0000894516706       -2.0142957546879104E-004  -3.2388596081363581E-002
   2919.0000900998712       -2.0137091843557835E-004  -3.2390045706540797E-002
   2940.0000907480717       -2.0131123682735110E-004  -3.2391436844064078E-002
   2961.0000913962722       -2.0125131570295995E-004  -3.2392802345314733E-002
   2982.0000920444727       -2.0119332444630897E-004  -3.2394206633412151E-002
   3003.0000926926732       -2.0113662145098465E-004  -3.2395599436725674E-002
   3024.0000933408737       -2.0107314450272063E-004  -3.2397083568189239E-002
   3045.0000939890742       -2.0101137848781351E-004  -3.2398512730559562E-002
   3066.0000946372747       -2.0095361156875229E-004  -3.2399932500914601E-002
   3087.0000952854753       -2.0090035444328416E-004  -3.2401359228002247E-002
   3108.0000959336758       -2.0084734485270313E-004  -3.2402722763862718E-002
   3129.0000965818763       -2.0078984272724551E-004  -3.2404114512542770E-002
   3150.0000972300768       -2.0071547521352952E-004  -3.2405689620486372E-002
   3171.0000978782773       -2.0066270522043272E-004  -3.2407179991611398E-002
   3192.0000985264778       -2.0061136072183877E-004  -3.2408526044131421E-002
   3213.0000991746783       -2.0055122209658912E-004  -3.2409944052915682E-002
   3234.0000998228788       -2.0049818262663800E-004  -3.2411354642231098E-002
   3255.0001004710793       -2.0044139615450163E-004  -3.2412742674202612E-002
   3276.0001011192799       -2.0038552873836779E-004  -3.2414038904804286E-002
   3297.0001017674804       -2.0032599183335216E-004  -3.2415441469731979E-002
   3318.0001024156809       -2.0026755898563346E-004  -3.2416889322124887E-002
   3339.0001030638814       -2.0021096295566552E-004  -3.2418315261755648E-002
   3360.0001037120819       -2.0015840267495957E-004  -3.2419617053072260E-002
   3381.0001043602824       -2.0010053260818646E-004  -3.2421038715764336E-002
   3402.0001050084829       -2.0004536097962942E-004  -3.2422412205112820E-002
   3423.0001056566834       -1.9998690427183453E-004  -3.2423812092881400E-002
   3444.0001063048840       -1.9992633368481126E-004  -3.2425222461440618E-002
   3465.0001069530845       -1.9987022941875490E-004  -3.2426607104514074E-002
   3486.0001076012850       -1.9981732440645469E-004  -3.2427899499669212E-002
   3507.0001082494855       -1.9975829087803601E-004  -3.2429296480115499E-002
   3528.0001088976860       -1.9970224094261412E-004  -3.2430786937509407E-002
   3549.0001095458865       -1.9964660628853044E-004  -3.2432195031385336E-002
   3570.0001101940870       -1.9959376694453083E-004  -3.2433516236159421E-002
   3591.0001108422875       -1.9953636619075027E-004  -3.2434909331301227E-002
   3612.0001114904881       -1.9947889864100498E-004  -3.2436304266349615E-002
   3633.0001121386886       -1.9941996548404202E-004  -3.2437731542689668E-002
   3654.0001127868891       -1.9936480547965113E-004  -3.2439096256766081E-002
   3675.0001134350896       -1.9932641087256860E-004  -3.2440316797412924E-002
   3696.0001140832901       -1.9927079483694361E-004  -3.2441691783408819E-002
   3717.0001147314906       -1.9921218601949220E-004  -3.2443089169673575E-002
   3738.0001153796911       -1.9915691852114646E-004  -3.2444467078330055E-002
   3759.0001160278916       -1.9910216595071909E-004  -3.2445837730004146E-002
   3780.0001166760921       -1.9904627004628531E-004  -3.2447214795793253E-002
   3801.0001173242927       -1.9898972612439664E-004  -3.2448593655670203E-002
   3822.0001179724932       -1.9894036331446631E-004  -3.2449813927403585E-002
   3843.0001186206937       -1.9889044424066990E-004  -3.2451123723831202E-002
   3864.0001192688942       -1.9885331040999456E-004  -3.2452426789907639E-002
   3885.0001199170947       -1.9879626984207284E-004  -3.2453830277022491E-002
   3906.0001205652952       -1.9874104837819083E-004  -3.2455199961081045E-002
   3927.0001212134957       -1.9868671560319628E-004  -3.2456592844607446E-002
   3948.0001218616962       -1.9863410301397799E-004  -3.2457934284910853E-002
   3969.0001225098968       -1.9858778518179162E-004  -3.2459227902267247E-002
   3990.0001231580973       -1.9853080988759862E-004  -3.2460617647497476E-002
   4011.0001238062978       -1.9847249260443179E-004  -3.2462010582877621E-002
   4032.0001244544983       -1.9842198299861561E-004  -3.2463464183634549E-002
   4053.0001251026988       -1.9837570262012930E-004  -3.2464732433238691E-002
   4074.0001257508993       -1.9831947033578599E-004  -3.2466108810323441E-002
   4095.0001263990998       -1.9826575716946025E-004  -3.2467471983807096E-002
   4116.0001270473003       -1.9821420437151295E-004  -3.2468810548120446E-002
   4137.0001276955009       -1.9546736634112760E-004  -3.2470042262652946E-002
   4158.0001283437014       -1.9541480250361942E-004  -3.2471450257886975E-002
   4179.0001289919019       -1.9535754367244317E-004  -3.2472878167970100E-002
   4200.0001296401024       -1.9530739924137288E-004  -3.2474144641011955E-002
   4221.0001302883029       -1.9526038630029394E-004  -3.2475494024549717E-002
   4242.0001309365034       -1.9521142745281800E-004  -3.2476781158656980E-002
   4263.0001315847039       -1.9515682735704915E-004  -3.2478141376282896E-002
   4284.0001322329044       -1.9510277909452178E-004  -3.2479500944746900E-002
   4305.0001328811049       -1.9505295640970968E-004  -3.2480724315837942E-002
   4326.0001335293055       -1.9500950834997532E-004  -3.2481875097954298E-002
   4347.0001341775060       -1.9495809549902301E-004  -3.2483204890451631E-002
   4368.0001348257065       -1.9490568583706831E-004  -3.2484544380051529E-002
   4389.0001354739070       -1.9485095838992568E-004  -3.2485899603846395E-002
   4410.0001361221075       -1.9480012958565719E-004  -3.2487152051957728E-002
   4431.0001367703080       -1.9475029261849087E-004  -3.2488458478718292E-002
   4452.0001374185085       -1.9469586617340927E-004  -3.2489819656742538E-002
   4473.0001380667090       -1.9464215734791058E-004  -3.2491171038355984E-002
   4494.0001387149096       -1.9459114769821489E-004  -3.2492491189636361E-002
   4515.0001393631101       -1.9453800167915563E-004  -3.2494059525356368E-002
   4536.0001400113106       -1.9448471082740971E-004  -3.2495399701049803E-002
   4557.0001406595111       -1.9443479878776052E-004  -3.2496765783193458E-002
   4578.0001413077116       -1.9438625349986360E-004  -3.2498153951056569E-002
   4599.0001419559121       -1.9433367610656370E-004  -3.2499560919461150E-002
   4620.0001426041126       -1.9428943353499447E-004  -3.2500848102157441E-002
   4641.0001432523131       -1.9424203276312819E-004  -3.2502138621588454E-002
   4662.0001439005136       -1.9419529851454198E-004  -3.2503368618704252E-002
   4683.0001445487142       -1.9414077698208691E-004  -3.2504727638812334E-002
   4704.0001451969147       -1.9408946288650654E-004  -3.2506015800362949E-002
   4725.0001458451152       -1.9404023926041308E-004  -3.2507331984829295E-002
   4746.0001464933157       -1.9399037654947997E-004  -3.2508670016454279E-002
   4767.0001471415162       -1.9393741055939555E-004  -3.2510009817841058E-002
   4788.0001477897167       -1.9388474722553266E-004  -3.2511351622603990E-002
   4809.0001484379172       -1.9382394669075230E-004  -3.2512816679473575E-002
   4830.0001490861177       -1.9377404316443355E-004  -3.2514137236822518E-002
   4851.0001497343183       -1.9372633307058055E-004  -3.2515476541981836E-002
   4872.0001503825188       -1.9290031161907500E-004  -3.2516820973689672E-002
   4893.0001510307193       -1.9285989714897157E-004  -3.2518070957348745E-002
   4914.0001516789198       -1.9281161395676876E-004  -3.2519368480017241E-002
   4935.0001523271203       -1.9276034397272467E-004  -3.2520690381034285E-002
   4956.0001529753208       -1.9270769439163005E-004  -3.2521988474608604E-002
   4977.0001536235213       -1.9265604480256650E-004  -3.2523317816846573E-002
   4998.0001542717218       -1.9260706946639509E-004  -3.2524621271718027E-002
   5019.0001549199224       -1.9255856034919267E-004  -3.2525916993955385E-002
   5040.0001555681229       -1.9257740937734670E-004  -3.2527476057692753E-002
   5061.0001562163234       -1.9252963869918540E-004  -3.2528881637645744E-002
   5082.0001568645239       -1.9247724863641984E-004  -3.2530346945290750E-002
   5103.0001575127244       -1.9243376865738887E-004  -3.2531610124320480E-002
   5124.0001581609249       -1.9238403667084912E-004  -3.2532935909716808E-002
   5145.0001588091254       -1.9238883372666129E-004  -3.2533534656973402E-002
   5166.0001594573259       -1.9230875433826706E-004  -3.2534912967976559E-002
   5187.0001601055264       -1.9225852422006205E-004  -3.2536230668030838E-002
   5208.0001607537270       -1.9220989968886059E-004  -3.2537536031026409E-002
   5229.0001614019275       -1.9216121580082189E-004  -3.2538842930750399E-002
   5250.0001620501280       -1.9211078532518753E-004  -3.2540164903522559E-002
   5271.0001626983285       -1.9206748193544284E-004  -3.2541450416753478E-002
   5292.0001633465290       -1.9201870042261115E-004  -3.2542753653133714E-002
   5313.0001639947295       -1.9197121073962259E-004  -3.2544042058551034E-002
   5334.0001646429300       -1.9192268779048101E-004  -3.2545338850695368E-002
   5355.0001652911305       -1.9187275159682397E-004  -3.2546648427489264E-002
   5376.0001659393311       -1.9182330814628926E-004  -3.2547953845919318E-002
   5397.0001665875316       -1.9177545296508182E-004  -3.2549245799175931E-002
   5418.0001672357321       -1.9172775971502344E-004  -3.2550537079091460E-002
   5439.0001678839326       -1.9167917576585130E-004  -3.2551839474422070E-002
   5460.0001685321331       -1.9162717230208085E-004  -3.2553195720179472E-002
   5481.0001691803336       -1.9157552745852776E-004  -3.2554564698392824E-002
   5502.0001698285341       -1.9153010435160031E-004  -3.2555855054764188E-002
   5523.0001704767346       -1.9148570790227548E-004  -3.2557212503479767E-002
   5544.0001711249352       -1.9144390709385903E-004  -3.2558543001239171E-002
   5565.0001717731357       -1.9139475684910824E-004  -3.2559849521662833E-002
   5586.0001724213362       -1.9134434712783256E-004  -3.2561170281993831E-002
   5607.0001730695367       -1.9129531601966925E-004  -3.2562476878582658E-002
   5628.0001737177372       -1.9124864966581196E-004  -3.2563757775071256E-002
   5649.0001743659377       -1.9120259105855669E-004  -3.2565030707816002E-002
   5670.0001750141382       -1.9115895240638632E-004  -3.2566340713068721E-002
   5691.0001756623387       -1.9110934925674504E-004  -3.2567661645758535E-002
   5712.0001763105392       -1.9106197396488427E-004  -3.2568945612281519E-002
   5733.0001769587398       -1.9101915681410053E-004  -3.2570224660323797E-002
   5754.0001776069403       -1.9097217438359621E-004  -3.2571502747430876E-002
   5775.0001782551408       -1.9092781096347438E-004  -3.2572628698317306E-002
   5796.0001789033413       -1.9087994893376186E-004  -3.2573915121575064E-002
   5817.0001795515418       -1.9083331276782846E-004  -3.2575190794723013E-002
   5838.0001801997423       -1.9078694043987479E-004  -3.2576464978002470E-002
   5859.0001808479428       -1.9074144368194838E-004  -3.2577670992490870E-002
   5880.0001814961433       -1.9069329563498069E-004  -3.2578967727017683E-002
   5901.0001821443439       -1.9064510653037933E-004  -3.2580264807515219E-002
   5922.0001827925444       -1.9059792837263200E-004  -3.2581549740238462E-002
   5943.0001834407449       -1.9057573795894478E-004  -3.2582654155717067E-002
   5964.0001840889454       -1.9052993983467438E-004  -3.2583925296140570E-002
   5985.0001847371459       -1.9048217014320864E-004  -3.2585214750838219E-002
   6006.0001853853464       -1.9043377484289994E-004  -3.2586508741195216E-002
   6027.0001860335469       -1.9038715736974341E-004  -3.2587783879104167E-002
   6048.0001866817474       -1.9030375935602016E-004  -3.2589486820755742E-002
   6069.0001873299479       -1.9025848868090104E-004  -3.2590747246809812E-002
   6090.0001879781485       -1.9021158436965832E-004  -3.2592024859002609E-002
   6111.0001886263490       -1.9016384566712717E-004  -3.2593342812852678E-002
   6132.0001892745495       -1.9012235458002664E-004  -3.2594515109262791E-002
   6153.0001899227500       -1.9007680316612274E-004  -3.2595782423392790E-002
   6174.0001905709505       -1.9002937768191651E-004  -3.2597086461860172E-002
   6195.0001912191510       -1.8998413720994081E-004  -3.2598399143182501E-002
   6216.0001918673515       -1.8993866534204880E-004  -3.2599658170944942E-002
   6237.0001925155520       -1.8989365585934845E-004  -3.2600914936843112E-002
   6258.0001931637526       -1.8984930125467173E-004  -3.2602169940613102E-002
   6279.0001938119531       -1.8980245093433987E-004  -3.2603451846704892E-002
   6300.0001944601536       -1.8975626030143423E-004  -3.2604705753000257E-002
   6321.0001951083541       -1.8971026394094836E-004  -3.2605975127471563E-002
   6342.0001957565546       -1.8966621858131094E-004  -3.2607221528265944E-002
   6363.0001964047551       -1.8962024182683619E-004  -3.2608671279627528E-002
   6384.0001970529556       -1.8956764991711789E-004  -3.2610085637715704E-002
   6405.0001977011561       -1.8952826758818962E-004  -3.2611324189924171E-002
   6426.0001983493567       -1.8948069814738551E-004  -3.2612688850879791E-002
   6447.0001989975572       -1.8943738478693691E-004  -3.2613910740835854E-002
   6468.0001996457577       -1.8939269000611153E-004  -3.2615165593135098E-002
   6489.0002002939582       -1.8934769117922009E-004  -3.2616420111069751E-002
   6510.0002009421587       -1.8930266083337798E-004  -3.2617674547553439E-002
   6531.0002015903592       -1.8925855772140035E-004  -3.2618924495254976E-002
   6552.0002022385597       -1.8921355521267304E-004  -3.2620185588358296E-002
   6573.0002028867602       -1.8916704685596920E-004  -3.2621461028812547E-002
   6594.0002035349607       -1.8912107431057429E-004  -3.2622730140889122E-002
   6615.0002041831613       -1.8907359063964740E-004  -3.2624131199960937E-002
   6636.0002048313618       -1.8903600103889833E-004  -3.2625416141553801E-002
   6657.0002054795623       -1.8899276193269461E-004  -3.2626670997714782E-002
   6678.0002061277628       -1.8894782114531775E-004  -3.2627923921929661E-002
   6699.0002067759633       -1.8890275591645464E-004  -3.2629178999771087E-002
   6720.0002074241638       -1.8885796710817182E-004  -3.2630430715804772E-002
   6741.0002080723643       -1.8881587494351770E-004  -3.2631656964254845E-002
   6762.0002087205648       -1.8877196773254185E-004  -3.2632898836117238E-002
   6783.0002093687654       -1.8874499458821061E-004  -3.2633989693870574E-002
   6804.0002100169659       -1.8869416418844693E-004  -3.2635350025330176E-002
   6825.0002106651664       -1.8864918194738727E-004  -3.2636607602183357E-002
   6846.0002113133669       -1.8860770548619369E-004  -3.2637861512687445E-002
   6867.0002119615674       -1.8856514496439104E-004  -3.2639077243331531E-002
   6888.0002126097679       -1.8852166221425937E-004  -3.2640322147711273E-002
   6909.0002132579684       -1.8847704164945726E-004  -3.2641577174165798E-002
   6930.0002139061689       -1.8843175084095790E-004  -3.2642836270274034E-002
   6951.0002145543694       -1.8838783275280089E-004  -3.2644080530905652E-002
   6972.0002152025700       -1.8834494106446985E-004  -3.2645301130489239E-002
   6993.0002158507705       -1.8830203864256655E-004  -3.2646530243153317E-002
   7014.0002164989710       -1.8825923214655995E-004  -3.2647732937498702E-002
   7035.0002171471715       -1.8821491512943108E-004  -3.2648973911949389E-002
   7056.0002177953720       -1.8817312483769490E-004  -3.2650191126980338E-002
   7077.0002184435725       -1.8813037146101511E-004  -3.2651419960432623E-002
   7098.0002190917730       -1.8808706987186858E-004  -3.2652655260891797E-002
   7119.0002197399735       -1.8803848411433121E-004  -3.2654039508737985E-002
   7140.0002203881741       -1.8799461228465771E-004  -3.2655283288912922E-002
   7161.0002210363746       -1.8795180500514545E-004  -3.2656519788602872E-002
   7182.0002216845751       -1.8790844447906955E-004  -3.2657760950430645E-002
   7203.0002223327756       -1.8786425951908072E-004  -3.2659007621409768E-002
   7224.0002229809761       -1.8781811040569917E-004  -3.2660400122593677E-002
   7245.0002236291766       -1.8777718842247053E-004  -3.2661662969846843E-002
   7266.0002242773771       -1.8773497782125398E-004  -3.2662887899123347E-002
   7287.0002249255776       -1.8769227123174590E-004  -3.2664119121691142E-002
   7308.0002255737782       -1.8764851374734201E-004  -3.2665362430051859E-002
   7329.0002262219787       -1.8760482999258493E-004  -3.2666607100223129E-002
   7350.0002268701792       -1.8758204194642230E-004  -3.2667447318511227E-002
   7371.0002275183797       -1.8753902035903417E-004  -3.2668679403034633E-002
   7392.0002281665802       -1.8748834567272577E-004  -3.2669884278999001E-002
   7413.0002288147807       -1.8743270712007090E-004  -3.2671337500553753E-002
   7434.0002294629812       -1.8740457265412050E-004  -3.2672434269329961E-002
   7455.0002301111817       -1.8736219536224656E-004  -3.2673605719790187E-002
   7476.0002307593822       -1.8732432179282218E-004  -3.2674399922234053E-002
   7497.0002314075828       -1.8724919588632822E-004  -3.2676267458907830E-002
   7518.0002320557833       -1.8720830278886065E-004  -3.2677471339314847E-002
   7539.0002327039838       -1.8716778973328128E-004  -3.2678673963710402E-002
   7560.0002333521843       -1.8710864486876075E-004  -3.2680419927936057E-002
   7581.0002340003848       -1.8706682025962471E-004  -3.2681635797458530E-002
   7602.0002346485853       -1.8702297641152066E-004  -3.2682883057107003E-002
   7623.0002352967858       -1.8698108198400589E-004  -3.2684110238304101E-002
   7644.0002359449863       -1.8693361744390337E-004  -3.2685484326095762E-002
   7665.0002365931869       -1.8689182245258147E-004  -3.2686702090446891E-002
   7686.0002372413874       -1.8684935835801985E-004  -3.2687923698849028E-002
   7707.0002378895879       -1.8681279732878566E-004  -3.2689022798041034E-002
   7728.0002385377884       -1.8677148611567537E-004  -3.2690232325043221E-002
   7749.0002391859889       -1.8673717205939302E-004  -3.2691244685002632E-002
   7770.0002398341894       -1.8669527240735911E-004  -3.2692459929646624E-002
   7791.0002404823899       -1.8665319816383195E-004  -3.2693678075246015E-002
   7812.0002411305904       -1.8661161436523248E-004  -3.2694873557816542E-002
   7833.0002417787910       -1.8657392182157547E-004  -3.2696013202502761E-002
   7854.0002424269915       -1.8653189345608866E-004  -3.2697233625933825E-002
   7875.0002430751920       -1.8648969782287064E-004  -3.2698454344203182E-002
   7896.0002437233925       -1.8644643197550671E-004  -3.2699678984108436E-002
   7917.0002443715930       -1.8641349826436948E-004  -3.2700713676747303E-002
   7938.0002450197935       -1.8640014672981605E-004  -3.2701850550736204E-002
   7959.0002456679940       -1.8635963455969790E-004  -3.2703050525695283E-002
   7980.0002463161945       -1.8631806856113405E-004  -3.2704266312956962E-002
   8001.0002469643950       -1.8627630212696481E-004  -3.2705457022546867E-002
   8022.0002476125956       -1.8623394283370947E-004  -3.2706683524617627E-002
   8043.0002482607961       -1.8619258592820668E-004  -3.2707895353853753E-002
   8064.0002489089966       -1.8615146964125382E-004  -3.2709144661584144E-002
   8085.0002495571971       -1.8611419575587649E-004  -3.2710302589957774E-002
   8106.0002502053976       -1.8607379714246524E-004  -3.2711504580849579E-002
   8127.0002508535981       -1.8603520069799463E-004  -3.2712675871202357E-002
   8148.0002515017986       -1.8598545918221962E-004  -3.2714048040861025E-002
   8169.0002521499991       -1.8594471768854077E-004  -3.2715252851890468E-002
   8190.0002527981997       -1.8592164649607539E-004  -3.2716333372703112E-002
   8211.0002534464002       -1.8588027897484212E-004  -3.2717589441965574E-002
   8232.0002540946007       -1.8583920140206661E-004  -3.2718795391774295E-002
   8253.0002547428012       -1.8573207062123751E-004  -3.2720037832373441E-002
   8274.0002553910017       -1.8569057332924345E-004  -3.2721292518377701E-002
   8295.0002560392022       -1.8565248231222520E-004  -3.2722514937333240E-002
   8316.0002566874027       -1.8561269186130697E-004  -3.2723701845984651E-002
   8337.0002573356032       -1.8556675721622285E-004  -3.2725129465748203E-002
   8358.0002579838037       -1.8553057099332635E-004  -3.2726289472154696E-002
   8379.0002586320043       -1.8549054466535865E-004  -3.2727483546228044E-002
   8400.0002592802048       -1.8548913682289009E-004  -3.2728360788657013E-002
   8421.0002599284053       -1.8544879307417770E-004  -3.2729559709460253E-002
   8442.0002605766058       -1.8540809194733979E-004  -3.2730762324792773E-002
   8463.0002612248063       -1.8537242081247685E-004  -3.2731756071934848E-002
   8484.0002618730068       -1.8533278338652288E-004  -3.2732947432015290E-002
   8505.0002625212073       -1.8529372553419260E-004  -3.2734134181562444E-002
   8526.0002631694078       -1.8525355587904223E-004  -3.2735332405611488E-002
   8547.0002638176084       -1.8520502417243611E-004  -3.2736689073854200E-002
   8568.0002644658089       -1.8516409758524219E-004  -3.2737893093053735E-002
   8589.0002651140094       -1.8512433352336230E-004  -3.2739081106390344E-002
   8610.0002657622099       -1.8508592957491493E-004  -3.2740252352814324E-002
   8631.0002664104104       -1.8504743558881624E-004  -3.2741423441812571E-002
   8652.0002670586109       -1.8500818054797397E-004  -3.2742606617148604E-002
   8673.0002677068114       -1.8495030141981857E-004  -3.2744121849917637E-002
   8694.0002683550119       -1.8490920427015925E-004  -3.2745329544208647E-002
   8715.0002690032125       -1.8486892449137688E-004  -3.2746528035543503E-002
   8736.0002696514130       -1.8482983108580013E-004  -3.2747711371339604E-002
   8757.0002702996135       -1.8479159941188944E-004  -3.2748884662636632E-002
   8778.0002709478140       -1.8476821839726943E-004  -3.2749991985326979E-002
   8799.0002715960145       -1.8472793148448832E-004  -3.2751190838939938E-002
   8820.0002722442150       -1.8468655731663808E-004  -3.2752400604000045E-002
   8841.0002728924155       -1.8464485983356844E-004  -3.2753553985304051E-002
   8862.0002735406160       -1.8460585082872875E-004  -3.2754758574595186E-002
   8883.0002741888165       -1.8457645022675105E-004  -3.2755879136813291E-002
   8904.0002748370171       -1.8453832765270332E-004  -3.2757049497281560E-002
   8925.0002754852176       -1.8450252733610511E-004  -3.2758319484256608E-002
   8946.0002761334181       -1.8446141118445708E-004  -3.2759526883042581E-002
   8967.0002767816186       -1.8442255995505382E-004  -3.2760674505534104E-002
   8988.0002774298191       -1.8438433467728014E-004  -3.2761850462098133E-002
   9009.0002780780196       -1.8434628402123405E-004  -3.2763021465692335E-002
   9030.0002787262201       -1.8430732372907760E-004  -3.2764199744584416E-002
   9051.0002793744206       -1.8426603047706633E-004  -3.2765439350920376E-002
   9072.0002800226212       -1.8422697012076460E-004  -3.2766619292433095E-002
   9093.0002806708217       -1.8418859296323489E-004  -3.2767792516459289E-002
   9114.0002813190222       -1.8414954456331644E-004  -3.2769025218200819E-002
   9135.0002819672227       -1.8411039101750505E-004  -3.2770204024169747E-002
   9156.0002826154232       -1.8407120287022133E-004  -3.2771381605780990E-002
   9177.0002832636237       -1.8403297684814530E-004  -3.2772549142053367E-002
   9198.0002839118242       -1.8399527069692649E-004  -3.2773711824131961E-002
   9219.0002845600247       -1.8395698279324556E-004  -3.2774881133458215E-002
   9240.0002852082253       -1.8391807216026440E-004  -3.2776059082829885E-002
   9261.0002858564258       -1.8388331076900236E-004  -3.2777159996527035E-002
   9282.0002865046263       -1.8384446407393261E-004  -3.2778339224475365E-002
   9303.0002871528268       -1.8380643100900478E-004  -3.2779510088375013E-002
   9324.0002878010273       -1.8376849132368983E-004  -3.2780679384624430E-002
   9345.0002884492278       -1.8372988693986375E-004  -3.2781854537310293E-002
   9366.0002890974283       -1.8369121547820693E-004  -3.2783030786904997E-002
   9387.0002897456288       -1.8365273576218552E-004  -3.2784204404490945E-002
   9408.0002903938293       -1.8361458851979124E-004  -3.2785373448064953E-002
   9429.0002910420299       -1.8357683145770257E-004  -3.2786537813557746E-002
   9450.0002916902304       -1.8354435835228001E-004  -3.2787593535677777E-002
   9471.0002923384309       -1.8350634281895194E-004  -3.2788762865750998E-002
   9492.0002929866314       -1.8346767844501971E-004  -3.2789939384523473E-002
   9513.0002936348319       -1.8342966050600412E-004  -3.2791081650617414E-002
   9534.0002942830324       -1.8339134772677051E-004  -3.2792253430291962E-002
   9555.0002949312329       -1.8335353348886415E-004  -3.2793417123362506E-002
   9576.0002955794334       -1.8330990945764032E-004  -3.2794887657712872E-002
   9597.0002962276340       -1.8327269905726913E-004  -3.2796043678350942E-002
   9618.0002968758345       -1.8323768610136766E-004  -3.2797233454157436E-002
   9639.0002975240350       -1.8319914459154468E-004  -3.2798403107333222E-002
   9660.0002981722355       -1.8316119073504117E-004  -3.2799565762266877E-002
   9681.0002988204360       -1.8312412182942727E-004  -3.2800718395188173E-002
   9702.0002994686365       -1.8308745731757071E-004  -3.2801867447994612E-002
   9723.0003001168370       -1.8305010079638833E-004  -3.2803025120872263E-002
   9744.0003007650375       -1.8301179431851880E-004  -3.2804194819166334E-002
   9765.0003014132380       -1.8297329756415483E-004  -3.2805368057773683E-002
   9786.0003020614386       -1.8293556379522661E-004  -3.2806533826262217E-002
   9807.0003027096391       -1.8290130483220214E-004  -3.2807738322725155E-002
   9828.0003033578396       -1.8286425193031618E-004  -3.2808894918257094E-002
   9849.0003040060401       -1.8282663292929188E-004  -3.2810056257582619E-002
   9870.0003046542406       -1.8278883787603304E-004  -3.2811219103924330E-002
   9891.0003053024411       -1.8275125234314430E-004  -3.2812378642238758E-002
   9912.0003059506416       -1.8271420950066164E-004  -3.2813531137059010E-002
   9933.0003065988421       -1.8267707480228821E-004  -3.2814727113118745E-002
   9954.0003072470427       -1.8264017657348091E-004  -3.2815878111556451E-002
   9975.0003078952432       -1.8260280952942827E-004  -3.2817036041888153E-002
   9996.0003085434437       -1.8256544781608587E-004  -3.2818197114652274E-002
   10017.000309191644       -1.8252772961980821E-004  -3.2819362221857842E-002
   10038.000309839845       -1.8248994120894773E-004  -3.2820526051910576E-002
   10059.000310488045       -1.8245411606347342E-004  -3.2821680734091009E-002
   10080.000311136246       -1.8242050571713286E-004  -3.2822798792786004E-002
   10101.000311784446       -1.8238443327469529E-004  -3.2823936822472762E-002
   10122.000312432647       -1.8234828993423291E-004  -3.2825076737717111E-002
   10143.000313080847       -1.8231132232010498E-004  -3.2826227440498526E-002
   10164.000313729048       -1.8227354344985366E-004  -3.2827388269351603E-002
   10185.000314377248       -1.8223592322319149E-004  -3.2828547537487172E-002
   10206.000315025449       -1.8219910576381814E-004  -3.2829710031547221E-002
   10227.000315673649       -1.8216309106980052E-004  -3.2830849675536684E-002
   10248.000316321850       -1.8212759692452066E-004  -3.2832083577197337E-002
   10269.000316970050       -1.8209106153226494E-004  -3.2833229416367342E-002
   10290.000317618251       -1.8205402965459189E-004  -3.2834382407030703E-002
   10311.000318266451       -1.8201667515411975E-004  -3.2835539987079020E-002
   10332.000318914652       -1.8198001031081851E-004  -3.2836828464949980E-002
   10353.000319562852       -1.8194362449581539E-004  -3.2837971895011947E-002
   10374.000320211053       -1.8190766500143679E-004  -3.2839107603994125E-002
   10395.000320859253       -1.8187202719706778E-004  -3.2840239222611936E-002
   10416.000321507454       -1.8183662664228152E-004  -3.2841371882817993E-002
   10437.000322155654       -1.8180024239624525E-004  -3.2842519153051565E-002
   10458.000322803855       -1.8176254387160311E-004  -3.2843683124066825E-002
   10479.000323452055       -1.8172040287783812E-004  -3.2844980550177941E-002
   10500.000324100256       -1.8168357683311895E-004  -3.2846132921701854E-002
   10521.000324748456       -1.8164983500153551E-004  -3.2847315450117244E-002
   10542.000325396657       -1.8161495071333301E-004  -3.2848440667510206E-002
   10563.000326044858       -1.8157952633237400E-004  -3.2849570788092454E-002
   10584.000326693058       -1.8154293421419540E-004  -3.2850714353216473E-002
   10605.000327341259       -1.8150593828974645E-004  -3.2851863815728549E-002
   10626.000327989459       -1.8146959030114907E-004  -3.2853007564072598E-002
   10647.000328637660       -1.8143386169160663E-004  -3.2854144158741896E-002
   10668.000329285860       -1.8139829982638010E-004  -3.2855278102617937E-002
   10689.000329934061       -1.8133649964663609E-004  -3.2856782823005720E-002
   10710.000330582261       -1.8130024067832795E-004  -3.2857922295517143E-002
   10731.000331230462       -1.8126414746660047E-004  -3.2859059806767177E-002
   10752.000331878662       -1.8122846903131481E-004  -3.2860192207692436E-002
   10773.000332526863       -1.8119311216818748E-004  -3.2861320516796411E-002
   10794.000333175063       -1.8115744330538612E-004  -3.2862450983172080E-002
   10815.000333823264       -1.8113155746952688E-004  -3.2863738584945026E-002
   10836.000334471464       -1.8109611924574975E-004  -3.2864866358294949E-002
   10857.000335119665       -1.8106101398817197E-004  -3.2865991979816295E-002
   10878.000335767865       -1.8103500328498000E-004  -3.2866984829784521E-002
   10899.000336416066       -1.8099926926067237E-004  -3.2868121160502146E-002
   10920.000337064266       -1.8096300695317046E-004  -3.2869263901866438E-002
   10941.000337712467       -1.8092674289614210E-004  -3.2870405993725767E-002
   10962.000338360667       -1.8089146353426151E-004  -3.2871538312623960E-002
   10983.000339008868       -1.8085275091705720E-004  -3.2872657262845849E-002
   11004.000339657068       -1.8081748803120152E-004  -3.2873788712400459E-002
   11025.000340305269       -1.8078141516083811E-004  -3.2874927923877278E-002
   11046.000340953469       -1.8074527774613637E-004  -3.2876066293063881E-002
   11067.000341601670       -1.8070966536709742E-004  -3.2877295591404856E-002
   11088.000342249870       -1.8067503569297257E-004  -3.2878413287929058E-002
   11109.000342898071       -1.8064083640414435E-004  -3.2879525233899067E-002
   11130.000343546271       -1.8060377828998242E-004  -3.2880753401611160E-002
   11151.000344194472       -1.8056803943700445E-004  -3.2881884326798713E-002
   11172.000344842672       -1.8053197011810152E-004  -3.2883020055632380E-002
   11193.000345490873       -1.8049669671165255E-004  -3.2884148188023196E-002
   11214.000346139073       -1.8046213744708504E-004  -3.2885268788700281E-002
   11235.000346787274       -1.8042748690974992E-004  -3.2886390066795612E-002
   11256.000347435474       -1.8039248591500610E-004  -3.2887515715856609E-002
   11277.000348083675       -1.8035698447130759E-004  -3.2888647154370398E-002
   11298.000348731875       -1.8032106144880324E-004  -3.2889781543621863E-002
   11319.000349380076       -1.8028593162462567E-004  -3.2890905828600686E-002
   11340.000350028276       -1.8025180906057378E-004  -3.2892017127476920E-002
   11361.000350676477       -1.8021800629273817E-004  -3.2893125110957350E-002
   11382.000351324677       -1.8018369703161913E-004  -3.2894238537675279E-002
   11403.000351972878       -1.8014852483627886E-004  -3.2895363372152049E-002
   11424.000352621078       -1.8011282394001714E-004  -3.2896495497178449E-002
   11445.000353269279       -1.8007741998046173E-004  -3.2897624440513709E-002
   11466.000353917480       -1.8004287713428520E-004  -3.2898742666401630E-002
   11487.000354565680       -1.8000906229438489E-004  -3.2899852186900981E-002
   11508.000355213881       -1.7997501197186317E-004  -3.2900964309961367E-002
   11529.000355862081       -1.7994010435193740E-004  -3.2902086472093736E-002
   11550.000356510282       -1.7990471646804257E-004  -3.2903214631017350E-002
   11571.000357158482       -1.7987461013533487E-004  -3.2904297782458160E-002
   11592.000357806683       -1.7983843178840224E-004  -3.2905414285072730E-002
   11613.000358454883       -1.7980471379861872E-004  -3.2906520397103685E-002
   11634.000359103084       -1.7977097575198924E-004  -3.2907625683736709E-002
   11655.000359751284       -1.7973650725593414E-004  -3.2908738728595760E-002
   11676.000360399485       -1.7970162267833377E-004  -3.2909856935634328E-002
   11697.000361047685       -1.7966707323207150E-004  -3.2910972812744625E-002
   11718.000361695886       -1.7963284127012164E-004  -3.2912085638731173E-002
   11739.000362344086       -1.7959871765230078E-004  -3.2913197103763760E-002
   11760.000362992287       -1.7956461765755141E-004  -3.2914308521486316E-002
   11781.000363640487       -1.7953010861010641E-004  -3.2915423739187225E-002
   11802.000364288688       -1.7949551118607153E-004  -3.2916539388836860E-002
   11823.000364936888       -1.7946313741798529E-004  -3.2917513503800955E-002
   11844.000365585089       -1.7942941013305338E-004  -3.2918621588865625E-002
   11865.000366233289       -1.7939517152906672E-004  -3.2919735103583120E-002
   11886.000366881490       -1.7936046968830116E-004  -3.2920852733213095E-002
   11907.000367529690       -1.7933081194030135E-004  -3.2921829350835173E-002
   11928.000368177891       -1.7929691381943745E-004  -3.2922934138300206E-002
   11949.000368826091       -1.7926398164227472E-004  -3.2924028405028727E-002
   11970.000369474292       -1.7923112770886295E-004  -3.2925123579306818E-002
   11991.000370122492       -1.7919722407759862E-004  -3.2926232898649370E-002
   12012.000370770693       -1.7916216668256509E-004  -3.2927377484276571E-002
   12033.000371418893       -1.7912411968960452E-004  -3.2928593032846891E-002
   12054.000372067094       -1.7909154413460305E-004  -3.2929704843965076E-002
   12075.000372715294       -1.7906335112930914E-004  -3.2930684124996064E-002
   12096.000373363495       -1.7903124068551000E-004  -3.2931765417301605E-002
   12117.000374011695       -1.7899851578083260E-004  -3.2932854434475606E-002
   12138.000374659896       -1.7893479043340209E-004  -3.2934487860534455E-002
   12159.000375308096       -1.7889980695755351E-004  -3.2935610207958321E-002
   12180.000375956297       -1.7886485671591169E-004  -3.2936734245525297E-002
   12201.000376604497       -1.7883103026914787E-004  -3.2937845760035632E-002
   12222.000377252698       -1.7879779463842596E-004  -3.2938947257785262E-002
   12243.000377900898       -1.7878025726504634E-004  -3.2940026643961035E-002
   12264.000378549099       -1.7874713282521718E-004  -3.2941121814421583E-002
   12285.000379197299       -1.7871371154148846E-004  -3.2942219844560930E-002
   12306.000379845500       -1.7867991339150263E-004  -3.2943321641412622E-002
   12327.000380493701       -1.7865104194769507E-004  -3.2944405110849444E-002
   12348.000381141901       -1.7861776114656518E-004  -3.2945501791464937E-002
   12369.000381790102       -1.7858438274223634E-004  -3.2946599116685064E-002
   12390.000382438302       -1.7855126347005485E-004  -3.2947695042325170E-002
   12411.000383086503       -1.7851807015448816E-004  -3.2948792952505065E-002
   12432.000383734703       -1.7848445742174371E-004  -3.2949896077003750E-002
   12453.000384382904       -1.7845060465252743E-004  -3.2951001669891636E-002
   12474.000385031104       -1.7841689445388250E-004  -3.2952103957533459E-002
   12495.000385679305       -1.7838294409065804E-004  -3.2953245006288240E-002
   12516.000386327505       -1.7835255314302303E-004  -3.2954298842174969E-002
   12537.000386975706       -1.7831999548105951E-004  -3.2955385362566154E-002
   12558.000387623906       -1.7829895515796882E-004  -3.2956383299711560E-002
   12579.000388272107       -1.7826539086005628E-004  -3.2957482540935890E-002
   12600.000388920307       -1.7823163997097202E-004  -3.2958583838156107E-002
   12621.000389568508       -1.7819850581014070E-004  -3.2959677763370873E-002
   12642.000390216708       -1.7816316949515018E-004  -3.2960767636588173E-002
   12663.000390864909       -1.7813085972372776E-004  -3.2961854700449850E-002
   12684.000391513109       -1.7809829251231040E-004  -3.2962941374458293E-002
   12705.000392161310       -1.7807013181491674E-004  -3.2963926569152147E-002
   12726.000392809510       -1.7803289232540785E-004  -3.2965099108292747E-002
   12747.000393457711       -1.7799957098162903E-004  -3.2966197951497120E-002
   12768.000394105911       -1.7796989000846205E-004  -3.2967217309921477E-002
   12789.000394754112       -1.7794212546342722E-004  -3.2968172749123691E-002
   12810.000395402312       -1.7790958048727649E-004  -3.2969256703516803E-002
   12831.000396050513       -1.7787670271283265E-004  -3.2970345244242527E-002
   12852.000396698713       -1.7784256476221109E-004  -3.2971435672568161E-002
   12873.000397346914       -1.7780972830586163E-004  -3.2972526573360909E-002
   12894.000397995114       -1.7777702430752729E-004  -3.2973616585238757E-002
   12915.000398643315       -1.7774439176035170E-004  -3.2974706120831740E-002
   12936.000399291515       -1.7771152534395079E-004  -3.2975797637174349E-002
   12957.000399939716       -1.7767866108469793E-004  -3.2976888767980411E-002
   12978.000400587916       -1.7764610328275117E-004  -3.2977976035579351E-002
   12999.000401236117       -1.7761389457876867E-004  -3.2979059451907801E-002
   13020.000401884317       -1.7758271356061668E-004  -3.2980252865239326E-002
   13041.000402532518       -1.7754974414356750E-004  -3.2981343244842573E-002
   13062.000403180718       -1.7751512201410474E-004  -3.2982469650782595E-002
   13083.000403828919       -1.7748274052685082E-004  -3.2983550356167179E-002
   13104.000404477119       -1.7745095590460959E-004  -3.2984623067849841E-002
   13125.000405125320       -1.7741956960031150E-004  -3.2985692439058675E-002
   13146.000405773520       -1.7738782922475290E-004  -3.2986768816373982E-002
   13167.000406421721       -1.7735502799897044E-004  -3.2987860713204094E-002
   13188.000407069921       -1.7732098927048410E-004  -3.2989035727071792E-002
   13209.000407718122       -1.7729227755405191E-004  -3.2989979891600955E-002
   13230.000408366323       -1.7725981522344317E-004  -3.2991067071126326E-002
   13251.000409014523       -1.7722626936502608E-004  -3.2992140314292311E-002
   13272.000409662724       -1.7719501658495254E-004  -3.2993206725450745E-002
   13293.000410310924       -1.7716317895839358E-004  -3.2994320970360702E-002
   13314.000410959125       -1.7713096509087457E-004  -3.2995399206575231E-002
   13335.000411607325       -1.7709804319166998E-004  -3.2996486516007104E-002
   13356.000412255526       -1.7706535652062516E-004  -3.2997571736096326E-002
   13377.000412903726       -1.7703391604966402E-004  -3.2998648568177830E-002
   13398.000413551927       -1.7700233128141731E-004  -3.2999719651215655E-002
   13419.000414200127       -1.7697087142130779E-004  -3.3000789303359868E-002
   13440.000414848328       -1.7693920258952134E-004  -3.3001862713382513E-002
   13461.000415496528       -1.7690687800871367E-004  -3.3002944790222699E-002
   13482.000416144729       -1.7687940675087711E-004  -3.3003972030641732E-002
   13503.000416792929       -1.7684525810157675E-004  -3.3005066413671194E-002
   13524.000417441130       -1.7681363367878035E-004  -3.3006139516253974E-002
   13545.000418089330       -1.7678251585150580E-004  -3.3007206240975723E-002
   13566.000418737531       -1.7675127923856622E-004  -3.3008274965397225E-002
   13587.000419385731       -1.7671942057240477E-004  -3.3009352225432741E-002
   13608.000420033932       -1.7668693722974535E-004  -3.3010438101387110E-002
   13629.000420682132       -1.7665418090674260E-004  -3.3011526719788097E-002
   13650.000421330333       -1.7663095278594530E-004  -3.3012544846930107E-002
   13671.000421978533       -1.7660009579168186E-004  -3.3013596207193026E-002
   13692.000422626734       -1.7656930110977113E-004  -3.3014657792526936E-002
   13713.000423274934       -1.7653807565377972E-004  -3.3015723764646343E-002
   13734.000423923135       -1.7650630861435764E-004  -3.3016797202902647E-002
   13755.000424571335       -1.7647413494303673E-004  -3.3017876746735071E-002
   13776.000425219536       -1.7644190748470717E-004  -3.3018957108601248E-002
   13797.000425867736       -1.7641030638760292E-004  -3.3020030048841104E-002
   13818.000426515937       -1.7637927297683878E-004  -3.3021095713049613E-002
   13839.000427164137       -1.7634799650166332E-004  -3.3022162451360519E-002
   13860.000427812338       -1.7631725797582717E-004  -3.3023279703024620E-002
   13881.000428460538       -1.7628574892185919E-004  -3.3024348765188116E-002
   13902.000429108739       -1.7625428788249446E-004  -3.3025417871789975E-002
   13923.000429756939       -1.7622273534336250E-004  -3.3026487674119281E-002
   13944.000430405140       -1.7619124738132142E-004  -3.3027555987966174E-002
   13965.000431053340       -1.7615981946231496E-004  -3.3028621947005295E-002
   13986.000431701541       -1.7612851433606211E-004  -3.3029684822332595E-002
   14007.000432349741       -1.7609766058361990E-004  -3.3030742855682131E-002
   14028.000432997942       -1.7606700300005758E-004  -3.3031799983060495E-002
   14049.000433646142       -1.7603605760798806E-004  -3.3032862722106059E-002
   14070.000434294343       -1.7600432803521545E-004  -3.3033936066827300E-002
   14091.000434942544       -1.7597190371532038E-004  -3.3035016574928605E-002
   14112.000435590744       -1.7594248765931387E-004  -3.3036027531591017E-002
   14133.000436238945       -1.7591181060118516E-004  -3.3037083107155918E-002
   14154.000436887145       -1.7588208003323441E-004  -3.3038126178327645E-002
   14175.000437535346       -1.7585228216956261E-004  -3.3039171005655392E-002
   14196.000438183546       -1.7582156166034209E-004  -3.3040230501637680E-002
   14217.000438831747       -1.7578937716327691E-004  -3.3041310231624439E-002
   14238.000439479947       -1.7575651672309349E-004  -3.3042398876318789E-002
   14259.000440128148       -1.7572474509600382E-004  -3.3043474892537644E-002
   14280.000440776348       -1.7569437132731747E-004  -3.3044532686808029E-002
   14301.000441424549       -1.7566453323471226E-004  -3.3045581572702473E-002
   14322.000442072749       -1.7563439246837459E-004  -3.3046633330731073E-002
   14343.000442720950       -1.7560330367239786E-004  -3.3047696787471201E-002
   14364.000443369150       -1.7557132176572934E-004  -3.3048770950931110E-002
   14385.000444017351       -1.7553962169471996E-004  -3.3049842038163531E-002
   14406.000444665551       -1.7550909389610974E-004  -3.3050899496139791E-002
   14427.000445313752       -1.7547909805322863E-004  -3.3051949608127733E-002
   14448.000445961952       -1.7544870368717855E-004  -3.3053003449873039E-002
   14469.000446610153       -1.7541766967546643E-004  -3.3054064622620720E-002
   14490.000447258353       -1.7538873953876143E-004  -3.3055050011663117E-002
   14511.000447906554       -1.7535753570345827E-004  -3.3056112186220621E-002
   14532.000448554754       -1.7532687316901548E-004  -3.3057166591200629E-002
   14553.000449202955       -1.7529674638517087E-004  -3.3058213020664799E-002
   14574.000449851155       -1.7526671964302693E-004  -3.3059256926860132E-002
   14595.000450499356       -1.7523635827813619E-004  -3.3060304468031508E-002
   14616.000451147556       -1.7520571404692733E-004  -3.3061356713905810E-002
   14637.000451795757       -1.7517505034446288E-004  -3.3062411168891540E-002
   14658.000452443957       -1.7514282518079843E-004  -3.3063507769052501E-002
   14679.000453092158       -1.7511205498550397E-004  -3.3064568418559037E-002
   14700.000453740358       -1.7508094136581257E-004  -3.3065632870732393E-002
   14721.000454388559       -1.7505229279710983E-004  -3.3066719288628102E-002
   14742.000455036759       -1.7502174642983103E-004  -3.3067773910399528E-002
   14763.000455684960       -1.7499171475250319E-004  -3.3068820896055548E-002
   14784.000456333160       -1.7496160631552638E-004  -3.3069905525078207E-002
   14805.000456981361       -1.7493174588682864E-004  -3.3070951558136524E-002
   14826.000457629561       -1.7486683828308089E-004  -3.3072402191784596E-002
   14847.000458277762       -1.7485273953499626E-004  -3.3073466157148533E-002
   14868.000458925962       -1.7482181189003133E-004  -3.3074524243192661E-002
   14889.000459574163       -1.7479179179721600E-004  -3.3075570012135909E-002
   14910.000460222363       -1.7476239318504942E-004  -3.3076606754474283E-002
   14931.000460870564       -1.7473318173552707E-004  -3.3077642492308025E-002
   14952.000461518764       -1.7470340301313928E-004  -3.3078687621277914E-002
   14973.000462166965       -1.7467249569502350E-004  -3.3079748710497639E-002
   14994.000462815166       -1.7464086600174356E-004  -3.3080819244073668E-002
   15015.000463463366       -1.7460970482469949E-004  -3.3081883620321606E-002
   15036.000464111567       -1.7457949604698391E-004  -3.3082933124753446E-002
   15057.000464759767       -1.7455005345776774E-004  -3.3083968522142605E-002
   15078.000465407968       -1.7452298967625339E-004  -3.3084947588758025E-002
   15099.000466056168       -1.7449399466748101E-004  -3.3085975030684500E-002
   15120.000466704369       -1.7446426053327100E-004  -3.3087013697647945E-002
   15141.000467352569       -1.7443362071518578E-004  -3.3088066256498912E-002
   15162.000468000770       -1.7440275281836211E-004  -3.3089124501457796E-002
   15183.000468648970       -1.7437216103522490E-004  -3.3090179987384873E-002
   15204.000469297171       -1.7434211558940853E-004  -3.3091227714689427E-002
   15225.000469945371       -1.7431266022770755E-004  -3.3092267195787707E-002
   15246.000470593572       -1.7428335648813040E-004  -3.3093304190083932E-002
   15267.000471241772       -1.7425365636008339E-004  -3.3094345785958414E-002
   15288.000471889973       -1.7422342086783788E-004  -3.3095393916024188E-002
   15309.000472538173       -1.7419297584441028E-004  -3.3096444153406075E-002
   15330.000473186374       -1.7416290735353690E-004  -3.3097489164339702E-002
   15351.000473834574       -1.7413355187149729E-004  -3.3098525561160642E-002
   15372.000474482775       -1.7410453224200187E-004  -3.3099558372263277E-002
   15393.000475130975       -1.7407523635693876E-004  -3.3100595574531329E-002
   15414.000475779176       -1.7404536191243061E-004  -3.3101641626132952E-002
   15435.000476427376       -1.7401351988418764E-004  -3.3102739087510102E-002
   15456.000477075577       -1.7398262050550848E-004  -3.3103796790567352E-002
   15477.000477723777       -1.7395571153008328E-004  -3.3104791159995227E-002
   15498.000478371978       -1.7392680589001182E-004  -3.3105820989387733E-002
   15519.000479020178       -1.7389299461524946E-004  -3.3107076780488971E-002
   15540.000479668379       -1.7386401499922926E-004  -3.3108104105567297E-002
   15561.000480316579       -1.7383446710390681E-004  -3.3109139298295565E-002
   15582.000480964780       -1.7380427983447350E-004  -3.3110183098850283E-002
   15603.000481612980       -1.7377779817145107E-004  -3.3111384991579153E-002
   15624.000482261181       -1.7374827806830476E-004  -3.3112421186180477E-002
   15645.000482909381       -1.7371952406464264E-004  -3.3113447698257172E-002
   15666.000483557582       -1.7369074199034750E-004  -3.3114474120842237E-002
   15687.000484205782       -1.7366142067011263E-004  -3.3115507724181890E-002
   15708.000484853983       -1.7363160419117047E-004  -3.3116548643933784E-002
   15729.000485502183       -1.7360162422557350E-004  -3.3117592509135811E-002
   15750.000486150384       -1.7357179669381107E-004  -3.3118634189742230E-002
   15771.000486798584       -1.7354244538151609E-004  -3.3119669042246350E-002
   15792.000487446785       -1.7351357743605958E-004  -3.3120696943069537E-002
   15813.000488094985       -1.7348477298096963E-004  -3.3121723381451522E-002
   15834.000488743186       -1.7345685592921918E-004  -3.3122862606972364E-002
   15855.000489391387       -1.7342751615833383E-004  -3.3123897771945007E-002
   15876.000490039587       -1.7339794719291313E-004  -3.3124937312518817E-002
   15897.000490687788       -1.7336827917663526E-004  -3.3125978996853815E-002
   15918.000491335988       -1.7333862177488862E-004  -3.3127019753468427E-002
   15939.000491984189       -1.7330924970960344E-004  -3.3128055479849094E-002
   15960.000492632389       -1.7328032047444564E-004  -3.3129084283126269E-002
   15981.000493280590       -1.7325173378486021E-004  -3.3130108283793161E-002
   16002.000493928790       -1.7322314286737355E-004  -3.3131132625066305E-002
   16023.000494576991       -1.7319422087336107E-004  -3.3132162967450481E-002
   16044.000495225191       -1.7316473343234595E-004  -3.3133202264298910E-002
   16065.000495873392       -1.7313459348837533E-004  -3.3134249330880064E-002
   16086.000496521592       -1.7310456979634006E-004  -3.3135293125617957E-002
   16107.000497169793       -1.7307547668712621E-004  -3.3136322607376582E-002
   16128.000497817993       -1.7304720271441653E-004  -3.3137338187235625E-002
   16149.000498466194       -1.7301919471784309E-004  -3.3138347517813901E-002
   16170.000499114394       -1.7299106778772522E-004  -3.3139358073924097E-002
   16191.000499762595       -1.7296247657471004E-004  -3.3140376378692118E-002
   16212.000500410795       -1.7293306482472445E-004  -3.3141422793278703E-002
   16233.000501058996       -1.7290539783822070E-004  -3.3142419148661700E-002
   16254.000501707196       -1.7289395698304489E-004  -3.3143080538077359E-002
   16275.000502355397       -1.7286499506433511E-004  -3.3144108654803876E-002
   16296.000503003597       -1.7283622524919638E-004  -3.3145132444415533E-002
   16317.000503651798       -1.7280773125226759E-004  -3.3146151583157903E-002
   16338.000504299998       -1.7277951396038626E-004  -3.3147167524381273E-002
   16359.000504948199       -1.7275126626861335E-004  -3.3148185801034021E-002
   16380.000505596399       -1.7272245925972250E-004  -3.3149213226615126E-002
   16401.000506244600       -1.7269308380463716E-004  -3.3150249681610386E-002
   16422.000506892800       -1.7266351939889012E-004  -3.3151289117311980E-002
   16443.000507541001       -1.7263415492264021E-004  -3.3152324499117224E-002
   16464.000508189201       -1.7260549438731266E-004  -3.3153349202883438E-002
   16485.000508837402       -1.7257766580853435E-004  -3.3154362823011187E-002
   16506.000509485602       -1.7255301706427590E-004  -3.3154771746884915E-002
   16527.000510133803       -1.7252459727323284E-004  -3.3155793854044269E-002
   16548.000510782003       -1.7249516922292221E-004  -3.3156828882902389E-002
   16569.000511430204       -1.7246520156342471E-004  -3.3157890622589059E-002
   16590.000512078404       -1.7243573256505492E-004  -3.3158922141988574E-002
   16611.000512726605       -1.7240753108760685E-004  -3.3159934821719951E-002
   16632.000513374805       -1.7238704299952351E-004  -3.3160722478241263E-002
   16653.000514023006       -1.7236025269507709E-004  -3.3161715883336607E-002
   16674.000514671206       -1.7233245934000793E-004  -3.3162724360015272E-002
   16695.000515319407       -1.7230715027853730E-004  -3.3163458940991056E-002
   16716.000515967607       -1.7227698639710908E-004  -3.3164502370382869E-002
   16737.000516615808       -1.7224740784690335E-004  -3.3165539965059852E-002
   16758.000517264009       -1.7221907223900643E-004  -3.3166561503430871E-002
   16779.000517912209       -1.7219157176412718E-004  -3.3167570378003101E-002
   16800.000518560410       -1.7216413980402777E-004  -3.3168576521821778E-002
   16821.000519208610       -1.7213604086567942E-004  -3.3169589955293725E-002
   16842.000519856811       -1.7210697426490228E-004  -3.3170614266460396E-002
   16863.000520505011       -1.7207768775563310E-004  -3.3171640315880116E-002
   16884.000521153212       -1.7204938314495339E-004  -3.3172654336778171E-002
   16905.000521801412       -1.7202212162906272E-004  -3.3173655603486091E-002
   16926.000522449613       -1.7199585547637939E-004  -3.3174692115492448E-002
   16947.000523097813       -1.7196801741501671E-004  -3.3175703009138434E-002
   16968.000523746014       -1.7193911901967055E-004  -3.3176729003352952E-002
   16989.000524394214       -1.7190955562388320E-004  -3.3177764015150865E-002
   17010.000525042415       -1.7188387351561101E-004  -3.3178787690355677E-002
   17031.000525690615       -1.7185570611127150E-004  -3.3179801226726327E-002
   17052.000526338816       -1.7182874874477547E-004  -3.3180797009555431E-002
   17073.000526987016       -1.7180468599637265E-004  -3.3181679828438747E-002
   17094.000527635217       -1.7177730400104582E-004  -3.3182679495502167E-002
   17115.000528283417       -1.7174905843030667E-004  -3.3183692725496740E-002
   17136.000528931618       -1.7172026715594270E-004  -3.3184716388999148E-002
   17157.000529579818       -1.7168510066275063E-004  -3.3185926636496978E-002
   17178.000530228019       -1.7165673663474234E-004  -3.3186948829374507E-002
   17199.000530876219       -1.7162892802759398E-004  -3.3187964317121808E-002
   17220.000531524420       -1.7160115155748267E-004  -3.3188978202899434E-002
   17241.000532172620       -1.7157309081457773E-004  -3.3189994178866991E-002
   17262.000532820821       -1.7154486247123900E-004  -3.3191011227408508E-002
   17283.000533469021       -1.7151659283316277E-004  -3.3192027172614907E-002
   17304.000534117222       -1.7148850876406061E-004  -3.3193038940368041E-002
   17325.000534765422       -1.7146073378506693E-004  -3.3194044786979002E-002
   17346.000535413623       -1.7143320720793974E-004  -3.3195045355435562E-002
   17367.000536061823       -1.7140584749408629E-004  -3.3196042584409655E-002
   17388.000536710024       -1.7138237465860344E-004  -3.3196995838509012E-002
   17409.000537358224       -1.7135478092166661E-004  -3.3197997596733225E-002
   17430.000538006425       -1.7132684809631086E-004  -3.3199005160592231E-002
   17451.000538654625       -1.7129837555783419E-004  -3.3200015582725402E-002
   17472.000539302826       -1.7127033184483474E-004  -3.3201027684129823E-002
   17493.000539951026       -1.7124215161181129E-004  -3.3202040581671928E-002
   17514.000540599227       -1.7121429269785645E-004  -3.3203048754568872E-002
   17535.000541247427       -1.7119510503427497E-004  -3.3203936268701530E-002
   17556.000541895628       -1.7116780787128851E-004  -3.3204935724568445E-002
   17577.000542543828       -1.7114307465625650E-004  -3.3205847546264475E-002
   17598.000543192029       -1.7111561714963460E-004  -3.3206850308499770E-002
   17619.000543840230       -1.7108796274289362E-004  -3.3207857522363639E-002
   17640.000544488430       -1.7105992504014205E-004  -3.3208870725370404E-002
   17661.000545136631       -1.7103180111442394E-004  -3.3209885545832422E-002
   17682.000545784831       -1.7100393860988388E-004  -3.3210896780807561E-002
   17703.000546433032       -1.7097627149409629E-004  -3.3211903621901649E-002
   17724.000547081232       -1.7094880121498745E-004  -3.3212905721073452E-002
   17745.000547729433       -1.7092167788300086E-004  -3.3213902289404282E-002
   17766.000548377633       -1.7089478823605536E-004  -3.3214896135222584E-002
   17787.000549025834       -1.7086767807085823E-004  -3.3215893827908419E-002
   17808.000549674034       -1.7084003532374188E-004  -3.3216899535801994E-002
   17829.000550322235       -1.7080261332975911E-004  -3.3218038235294962E-002
   17850.000550970435       -1.7077451160260859E-004  -3.3219050864355303E-002
   17871.000551618636       -1.7074655932531303E-004  -3.3220059527052426E-002
   17892.000552266836       -1.7071925032645041E-004  -3.3221057901712300E-002
   17913.000552915037       -1.7069269098377872E-004  -3.3222045510978938E-002
   17934.000553563237       -1.7066629989703676E-004  -3.3223030757584003E-002
   17955.000554211438       -1.7063934974623671E-004  -3.3224023952708882E-002
   17976.000554859638       -1.7061159099767382E-004  -3.3225028661753926E-002
   17997.000555507839       -1.7058342410717991E-004  -3.3226039499061659E-002
   18018.000556156039       -1.7055540293839429E-004  -3.3227047854527417E-002
   18039.000556804240       -1.7052812307570417E-004  -3.3228045845591275E-002
   18060.000557452440       -1.7050162738553194E-004  -3.3229033056219312E-002
   18081.000558100641       -1.7047539727781406E-004  -3.3230016930834341E-002
   18102.000558748841       -1.7044874026148559E-004  -3.3231007647549715E-002
   18123.000559397042       -1.7042109713369212E-004  -3.3232012190328716E-002
   18144.000560045242       -1.7039271730880215E-004  -3.3233026514637311E-002
   18165.000560693443       -1.7036452508395621E-004  -3.3234037638063763E-002
   18186.000561341643       -1.7033731248288511E-004  -3.3235034570080660E-002
   18207.000561989844       -1.7031105099480718E-004  -3.3236017214256661E-002
   18228.000562638044       -1.7028514004530901E-004  -3.3236994277766316E-002
   18249.000563286245       -1.7025887738818916E-004  -3.3237976723830290E-002
   18270.000563934445       -1.7023172862352243E-004  -3.3238972509659112E-002
   18291.000564582646       -1.7020492336599236E-004  -3.3240176433168976E-002
   18312.000565230846       -1.7017680587114606E-004  -3.3241187436734432E-002
   18333.000565879047       -1.7014941972895705E-004  -3.3242189382818768E-002
   18354.000566527247       -1.7012283332552667E-004  -3.3243179976034667E-002
   18375.000567175448       -1.7009665583446324E-004  -3.3244164243464734E-002
   18396.000567823648       -1.7007029746457882E-004  -3.3245150307195152E-002
   18417.000568471849       -1.7004334474361702E-004  -3.3246145000659505E-002
   18438.000569120049       -1.7001634461943186E-004  -3.3247220160077841E-002
   18459.000569768250       -1.6997834793444993E-004  -3.3248561399729433E-002
   18480.000570416451       -1.6995105370506454E-004  -3.3249559162548674E-002
   18501.000571064651       -1.6992463399901494E-004  -3.3250543953378044E-002
   18522.000571712852       -1.6989867815148568E-004  -3.3251520985113137E-002
   18543.000572361052       -1.6987269796580234E-004  -3.3252498244067168E-002
   18564.000573009253       -1.6984632537863726E-004  -3.3253482531778428E-002
   18585.000573657453       -1.6981916914690022E-004  -3.3254479030316142E-002
   18606.000574305654       -1.6979382281615444E-004  -3.3255488504152983E-002
   18627.000574953854       -1.6976616443528336E-004  -3.3256491898342518E-002
   18648.000575602055       -1.6973932157079812E-004  -3.3257483346914564E-002
   18669.000576250255       -1.6971381856487945E-004  -3.3258423690282958E-002
   18690.000576898456       -1.6968789804633469E-004  -3.3259397763914324E-002
   18711.000577546656       -1.6966212687946259E-004  -3.3260370133441013E-002
   18732.000578194857       -1.6963592232076749E-004  -3.3261349522787566E-002
   18753.000578843057       -1.6960883762527911E-004  -3.3262341525816919E-002
   18774.000579491258       -1.6958139229818905E-004  -3.3263340126945824E-002
   18795.000580139458       -1.6955424143432325E-004  -3.3264336277818864E-002
   18816.000580787659       -1.6952773086380824E-004  -3.3265288252790924E-002
   18837.000581435859       -1.6950146064538665E-004  -3.3266271048863115E-002
   18858.000582084060       -1.6947552793802071E-004  -3.3267249156068074E-002
   18879.000582732260       -1.6944567586054830E-004  -3.3268338767873058E-002
   18900.000583380461       -1.6944510754656012E-004  -3.3268645114391100E-002
   18921.000584028661       -1.6941803787542283E-004  -3.3269636647187482E-002
   18942.000584676862       -1.6939135901398886E-004  -3.3270623447108259E-002
   18963.000585325062       -1.6936517274970049E-004  -3.3271603892389444E-002
   18984.000585973263       -1.6933932510268467E-004  -3.3272580832339728E-002
   19005.000586621463       -1.6931347684670116E-004  -3.3273559900281767E-002
   19026.000587269664       -1.6928706744250854E-004  -3.3274548310537964E-002
   19047.000587917864       -1.6925976590248442E-004  -3.3275548813667927E-002
   19068.000588566065       -1.6923204480448850E-004  -3.3276553638938750E-002
   19089.000589214265       -1.6920483218647276E-004  -3.3277549289020346E-002
   19110.000589862466       -1.6916410731076533E-004  -3.3278615927144484E-002
   19131.000590510666       -1.6913894826414453E-004  -3.3279578753885930E-002
   19152.000591158867       -1.6911403364142368E-004  -3.3280537521975087E-002
   19173.000591807067       -1.6908969408543770E-004  -3.3281505149292047E-002
   19194.000592455268       -1.6906312575182411E-004  -3.3282488894908320E-002
   19215.000593103468       -1.6903572185708826E-004  -3.3283485596404920E-002
   19236.000593751669       -1.6900829337052295E-004  -3.3284483633756815E-002
   19257.000594399869       -1.6898168636149239E-004  -3.3285471062936389E-002
   19278.000595048070       -1.6895604812360677E-004  -3.3286445168481338E-002
   19299.000595696270       -1.6893086712472169E-004  -3.3287413081690725E-002
   19320.000596344471       -1.6890525606938153E-004  -3.3288385531390047E-002
   19341.000596992671       -1.6887881208255693E-004  -3.3289368712686444E-002
   19362.000597640872       -1.6885169248262403E-004  -3.3290360355539991E-002
   19383.000598289073       -1.6882454874121545E-004  -3.3291350979388859E-002
   19404.000598937273       -1.6880047288748699E-004  -3.3292275174092278E-002
   19425.000599585474       -1.6877518900733967E-004  -3.3293237530944313E-002
   19446.000600233674       -1.6874720277279139E-004  -3.3294281774527833E-002
   19467.000600881875       -1.6872220186271635E-004  -3.3295240252328856E-002
   19488.000601530075       -1.6869224078799137E-004  -3.3296262572599648E-002
   19509.000602178276       -1.6866545167579895E-004  -3.3297250950415115E-002
   19530.000602826476       -1.6863828271894741E-004  -3.3298247258703832E-002
   19551.000603474677       -1.6861130029555827E-004  -3.3299241684095315E-002
   19572.000604122877       -1.6858509414436216E-004  -3.3300225146699600E-002
   19593.000604771078       -1.6858969287749948E-004  -3.3300609846963522E-002
   19614.000605419278       -1.6856437602920423E-004  -3.3301577378911401E-002
   19635.000606067479       -1.6853873579647435E-004  -3.3302547463858752E-002
   19656.000606715679       -1.6851280678928886E-004  -3.3303521369231009E-002
   19677.000607363880       -1.6848676564410885E-004  -3.3304497892991135E-002
   19698.000608012080       -1.6846060278088445E-004  -3.3305476575317648E-002
   19719.000608660281       -1.6843451091189720E-004  -3.3306454601362681E-002
   19740.000609308481       -1.6840863861431122E-004  -3.3307430327514286E-002
   19761.000609956682       -1.6838277258566299E-004  -3.3308405115314715E-002
   19782.000610604882       -1.6835679870161053E-004  -3.3309379832223499E-002
   19803.000611253083       -1.6832918260332392E-004  -3.3310145394142232E-002
   19824.000611901283       -1.6830348415387275E-004  -3.3311114659856693E-002
   19845.000612549484       -1.6827670248340792E-004  -3.3311912846961125E-002
   19866.000613197684       -1.6825109658697771E-004  -3.3312879290328612E-002
   19887.000613845885       -1.6822560204448635E-004  -3.3313844705219330E-002
   19908.000614494085       -1.6820005139542711E-004  -3.3314811553499413E-002
   19929.000615142286       -1.6817426172286752E-004  -3.3315782289906531E-002
   19950.000615790486       -1.6814832688935490E-004  -3.3316755835504704E-002
   19971.000616438687       -1.6812247647643376E-004  -3.3317729238833554E-002
   19992.000617086887       -1.6809669501786510E-004  -3.3318701904278540E-002
   20013.000617735088       -1.6807085736143790E-004  -3.3319674369670566E-002
   20034.000618383288       -1.6804512089068266E-004  -3.3320644549827930E-002
   20055.000619031489       -1.6801970436770388E-004  -3.3321610319639018E-002
   20076.000619679689       -1.6799450066018497E-004  -3.3322573790649720E-002
   20097.000620327890       -1.6796918913048774E-004  -3.3323539651614227E-002
   20118.000620976090       -1.6794366411915094E-004  -3.3324510211840457E-002
   20139.000621624291       -1.6791790931385038E-004  -3.3325486069931055E-002
   20160.000622272491       -1.6789173882092727E-004  -3.3326468078184887E-002
   20181.000622920692       -1.6786528267956314E-004  -3.3327452571447341E-002
   20202.000623568892       -1.6783918234010182E-004  -3.3328430405753298E-002
   20223.000624217093       -1.6781381443135461E-004  -3.3329396065312288E-002
   20244.000624865294       -1.6778891860338619E-004  -3.3330352297984998E-002
   20265.000625513494       -1.6776418072520866E-004  -3.3331304401265117E-002
   20286.000626161695       -1.6773935092580347E-004  -3.3332257850712428E-002
   20307.000626809895       -1.6771398731127738E-004  -3.3333219009909855E-002
   20328.000627458096       -1.6768797137649649E-004  -3.3334188917578104E-002
   20349.000628106296       -1.6766305987491972E-004  -3.3335119406415960E-002
   20370.000628754497       -1.6763761417568150E-004  -3.3336083125943709E-002
   20391.000629402697       -1.6761187142471409E-004  -3.3337083848932032E-002
   20412.000630050898       -1.6758701952169068E-004  -3.3338039618141239E-002
   20433.000630699098       -1.6756216496165095E-004  -3.3338997060102613E-002
   20454.000631347299       -1.6753691768778403E-004  -3.3339961968316616E-002
   20475.000631995499       -1.6751093265293814E-004  -3.3340937617239282E-002
   20496.000632643700       -1.6748461821930821E-004  -3.3341917781999832E-002
   20517.000633291900       -1.6745877814841264E-004  -3.3342891455680645E-002
   20538.000633940101       -1.6743361721310599E-004  -3.3343854651088842E-002
   20559.000634588301       -1.6740882163499539E-004  -3.3344810681571573E-002
   20580.000635236502       -1.6737015122646136E-004  -3.3345948082779457E-002
   20601.000635884702       -1.6734545434297457E-004  -3.3346902747808667E-002
   20622.000636532903       -1.6732023150566586E-004  -3.3347865433303564E-002
   20643.000637181103       -1.6729439379605332E-004  -3.3348837075667513E-002
   20664.000637829304       -1.6726835550908925E-004  -3.3349811469097053E-002
   20685.000638477504       -1.6724266895178129E-004  -3.3350780207157288E-002
   20706.000639125705       -1.6721750132718796E-004  -3.3351739328344211E-002
   20727.000639773905       -1.6719288922230379E-004  -3.3352688464674936E-002
   20748.000640422106       -1.6716865006831839E-004  -3.3353631475337917E-002
   20769.000641070306       -1.6714432556433174E-004  -3.3354576093256302E-002
   20790.000641718507       -1.6713031180266215E-004  -3.3355407014349539E-002
   20811.000642366707       -1.6710486212789618E-004  -3.3356371040450049E-002
   20832.000643014908       -1.6707908986642381E-004  -3.3357341674858348E-002
   20853.000643663108       -1.6705334980905332E-004  -3.3358312797183348E-002
   20874.000644311309       -1.6702793656225994E-004  -3.3359278980187729E-002
   20895.000644959509       -1.6700307011288405E-004  -3.3360236994857982E-002
   20916.000645607710       -1.6697859960049759E-004  -3.3361188985436066E-002
   20937.000646255910       -1.6695410450323498E-004  -3.3362141113710192E-002
   20958.000646904111       -1.6692916521493327E-004  -3.3363099264020146E-002
   20979.000647552311       -1.6690370333259029E-004  -3.3364064293744368E-002
   21000.000648200512       -1.6687805488668794E-004  -3.3365031185972345E-002
